MiePlot v4.6.21

Date & Time: 4/18/2024 5:23:59 PM 

Calculation Method:         Mie (plane wave)

Graph type: Intensity v. scattering angle

Refractive index (sphere): 1.3003 + i 1.81E-06
Refractive index (medium): 1

Qext =  2.25908620552547 
Qsca =  2.25853892844673 
Qabs =  5.47277078737807E-04 

Point source of light

Distribution: Power law
Number of samples = 100

 1 	 0.01 	 0.03 
 2 	 1.07226717472076E-02 	 3.69853972898271E-02 
 3 	 1.14975689398365E-02 	 4.55973204228783E-02 
 4 	 1.23284657632757E-02 	 5.62145003730566E-02 
 5 	 1.32194091526293E-02 	 6.93038543248877E-02 
 6 	 1.41747385035676E-02 	 8.54410195307424E-02 
 7 	 1.51991068076261E-02 	 0.105335668406413 
 8 	 1.62975033148924E-02 	 0.129862718160022 
 9 	 1.74752778344619E-02 	 0.160100807476175 
 10 	 1.87381667910189E-02 	 0.197379732364282 
 11 	 2.00923211644523E-02 	 0.243338927281757 
 12 	 2.15443364485894E-02 	 0.299999563386538 
 13 	 2.31012847749626E-02 	 0.369853434620858 
 14 	 2.47707493580689E-02 	 0.455972540615318 
 15 	 2.65608614298928E-02 	 0.562144185596978 
 16 	 2.84803398435808E-02 	 0.693037534615684 
 17 	 3.05385335391636E-02 	 0.854408951817446 
 18 	 3.27454670781543E-02 	 1.05335515103176 
 19 	 3.51118894688043E-02 	 1.29862529160652 
 20 	 3.76493265198225E-02 	 1.60100574468949 
 21 	 4.03701369775496E-02 	 1.97379445102121 
 22 	 4.32875727200074E-02 	 2.43338573131585 
 23 	 4.64158433010019E-02 	 2.99999126773711 
 24 	 4.97701851586471E-02 	 3.6985289634423 
 25 	 5.33669358253918E-02 	 4.55971877002819 
 26 	 5.72236135009972E-02 	 5.62143367464581 
 27 	 6.13590023760272E-02 	 6.93036525983959 
 28 	 6.57932441214274E-02 	 8.54407708329276 
 29 	 7.05479359897964E-02 	 10.5335361800163 
 30 	 7.56462360061604E-02 	 12.9862340161557 
 31 	 8.11129757605857E-02 	 16.0100341462062 
 32 	 8.69747813519971E-02 	 19.7379157840378 
 33 	 9.32602030722621E-02 	 24.3338218981929 
 34 	 9.99998544621792E-02 	 29.9998690161519 
 35 	 0.107226561416649 	 36.9852358068384 
 36 	 0.114975522065252 	 45.5971213391286 
 37 	 0.123284478206953 	 56.2142549333374 
 38 	 0.132193899133893 	 69.3035517353702 
 39 	 0.141747178739621 	 85.4406464842917 
 40 	 0.151990846871773 	 105.335208497373 
 41 	 0.162974795958612 	 129.862151162737 
 42 	 0.174752524013234 	 160.100108455514 
 43 	 0.187381395198993 	 197.378870579053 
 44 	 0.200922919225259 	 243.337864832788 
 45 	 0.215443050934317 	 299.998253549963 
 46 	 0.231012511538561 	 369.851819793322 
 47 	 0.247707133072601 	 455.970549780718 
 48 	 0.265608227737938 	 562.141731203358 
 49 	 0.284802983939149 	 693.034508724913 
 50 	 0.305384890940474 	 854.405221358368 
 51 	 0.327454194211151 	 1053.35055194806 
 52 	 0.351118383677255 	 1298.61962164192 
 53 	 0.376492717258132 	 1600.99875449305 
 54 	 0.40370078223732 	 1973.78583318146 
 55 	 0.432875097202174 	 2433.37510684162 
 56 	 0.464157757483951 	 2999.97816939043 
 57 	 0.497701127242042 	 3698.51281519044 
 58 	 0.533668581563164 	 4559.69886171117 
 59 	 0.572235302189971 	 5621.40913074533 
 60 	 0.613589130754723 	 6930.33500097591 
 61 	 0.657931483673736 	 8544.03977875627 
 62 	 0.705478333158678 	 10533.4901892462 
 63 	 0.75646125912277 	 12986.1773165923 
 64 	 0.811128577105284 	 16009.9642443435 
 65 	 0.869746547707956 	 19737.8296057657 
 66 	 0.932600673433949 	 24333.7156536052 
 67 	 0.999997089245702 	 29999.7380328757 
 68 	 1.07226405361448 	 36985.0743245548 
 69 	 1.14975354732383 	 45596.9222562481 
 70 	 1.2328429878141 	 56214.0094946898 
 71 	 1.32193706741773 	 69303.2491471737 
 72 	 1.41746972443866 	 85440.2734394697 
 73 	 1.51990625667606 	 105334.748590342 
 74 	 1.62974558768645 	 129861.584167928 
 75 	 1.74752269682219 	 160099.409437904 
 76 	 1.87381122488194 	 197378.008797586 
 77 	 2.00922626806421 	 243336.802388457 
 78 	 2.15442737383195 	 299996.943719107 
 79 	 2.31012175327986 	 369850.204972836 
 80 	 2.47706772565038 	 455968.558954811 
 81 	 2.65607841177512 	 562139.276820454 
 82 	 2.84802569443092 	 693031.482847352 
 83 	 3.05384446489959 	 854401.490915576 
 84 	 3.27453717641452 	 1053345.95288444 
 85 	 3.51117872667211 	 1298613.95170208 
 86 	 3.76492169318835 	 1600991.76432713 
 87 	 4.03700194699999 	 1973777.21537933 
 88 	 4.32874467205191 	 2433364.48241378 
 89 	 4.64157081958866 	 2999965.07110093 
 90 	 4.97700402898667 	 3698496.66700908 
 91 	 5.3366780487354 	 4559678.95348107 
 92 	 5.72234469371183 	 5621384.586952 
 93 	 6.13588237750474 	 6930304.74224435 
 94 	 6.57930526134593 	 8544002.47438266 
 95 	 7.05477306420886 	 10533444.1986769 
 96 	 7.56460158185538 	 12986120.6172764 
 97 	 8.11127396606429 	 16009894.342786 
 98 	 8.69745281897784 	 19737743.4278699 
 99 	 9.32599316147252 	 24333609.4094814 
 100 	 9.99995633871731 	 29999607.0501714 

Angle	Perpendicular	Parallel	Unpolarised
theta	[S1(theta)]^2	[S2(theta)]^2	[[S1(theta)]^2 + [S2(theta)]^2]/2
 0 	 602917084997090 	 602917084997090 	 602917084997090 
 0.1 	 601252883044894 	 601314870132540 	 601283876588717 
 0.2 	 596284117212555 	 596530085648670 	 596407101430612 
 0.3 	 588081816406530 	 588627886542446 	 588354851474488 
 0.4 	 576762737249279 	 577715456710975 	 577239096980127 
 0.5 	 562486969555365 	 563939932070203 	 563213450812784 
 0.6 	 545454668365240 	 547485561507969 	 546470114936604 
 0.7 	 525901994021415 	 528570172077366 	 527236083049391 
 0.8 	 504096361034933 	 507441020763745 	 505768690899339 
 0.9 	 480331112915733 	 484370128925752 	 482350620920743 
 1 	 454919753277197 	 459649206762331 	 457284480019764 
 1.1 	 428189873025778 	 433584283612706 	 430887078319242 
 1.2 	 400476919085172 	 406490165363118 	 403483542224145 
 1.3 	 372117951748919 	 378684842582139 	 375401397165529 
 1.4 	 343445535424067 	 350483972222221 	 346964753823144 
 1.5 	 314781901328189 	 322195551852140 	 318488726590165 
 1.6 	 286433510877811 	 294114898576226 	 290274204727019 
 1.7 	 258686135393669 	 266520035269449 	 262603085331559 
 1.8 	 231800551779301 	 239667574806930 	 235734063293115 
 1.9 	 206008935517865 	 213789178952373 	 209899057235119 
 2 	 181512012249662 	 189088652902035 	 185300332575849 
 2.1 	 158477007951381 	 165739719605725 	 162108363778553 
 2.2 	 137036415979329 	 143884500384264 	 140460458181797 
 2.3 	 117287577597792 	 123632710516859 	 120460144057325 
 2.4 	 99293051713890.7 	 105061560869543 	 102177306291717 
 2.5 	 83081729964862.6 	 88216339744235.8 	 85649034854549.2 
 2.6 	 68650635582796.5 	 73111633386595 	 70881134484695.8 
 2.7 	 55967329055208 	 59733129396149.4 	 57850229225678.7 
 2.8 	 44972830884749.1 	 48039934978828.3 	 46506382931788.7 
 2.9 	 35584962011920.3 	 37967331851962.1 	 36776146931941.2 
 3 	 27701995887281.8 	 29429881870174.7 	 28565938878728.3 
 3.1 	 21206512847063.1 	 22324792227716.9 	 21765652537390 
 3.2 	 15969347339736.1 	 16535446474209.4 	 16252396906972.8 
 3.3 	 11853521554311 	 11935007546554.3 	 11894264550432.6 
 3.4 	 8718064904076.89 	 8390001485088.33 	 8554033194582.61 
 3.5 	 6421627331891.1 	 5763795314615.72 	 6092711323253.41 
 3.6 	 4825805163148.9 	 3919889514504.79 	 4372847338826.85 
 3.7 	 3798110822087.76 	 2724954305502.76 	 3261532563795.26 
 3.8 	 3214531687742.93 	 2051549329090.4 	 2633040508416.66 
 3.9 	 2961638213535.29 	 1780477837294.91 	 2371058025415.1 
 4 	 2938216677258.88 	 1802738873803.17 	 2370477775531.02 
 4.1 	 3056417082145.56 	 2021053726708.77 	 2538735404427.16 
 4.2 	 3242421333896.39 	 2350955785603.34 	 2796688559749.87 
 4.3 	 3436650449969.77 	 2721445469890.8 	 3079047959930.28 
 4.4 	 3593541842559.12 	 3075223763051.52 	 3334382802805.32 
 4.5 	 3680938342219.27 	 3368528773976.11 	 3524733558097.69 
 4.6 	 3679139349475.37 	 3570609377670.1 	 3624874363572.74 
 4.7 	 3579671144470.04 	 3662878138123.1 	 3621274641296.57 
 4.8 	 3383837852837.57 	 3637792213928.06 	 3510815033382.81 
 4.9 	 3101116838055.67 	 3497515677169.76 	 3299316257612.71 
 5 	 2747462417730.19 	 3252419581264.2 	 2999940999497.2 
 5.1 	 2343579902490.86 	 2919477194778.43 	 2631528548634.64 
 5.2 	 1913228210779.59 	 2520611132382.41 	 2216919671581 
 5.3 	 1481603951610.1 	 2081046769224.97 	 1781325360417.54 
 5.4 	 1073853162474.1 	 1627722475781.09 	 1350787819127.59 
 5.5 	 713749142847.339 	 1187802050683.27 	 950775596765.302 
 5.6 	 422566355283.317 	 787328485260.949 	 604947420272.133 
 5.7 	 218171502083.237 	 450051114871.8 	 334111308477.518 
 5.8 	 114343946877.663 	 196450562538.257 	 155397254707.96 
 5.9 	 120328941924.284 	 42977929378.6728 	 81653435651.4785 
 6 	 240618922395.789 	 1516699889.63784 	 121067811142.713 
 6.1 	 474950683211.201 	 79068062695.3824 	 277009372953.292 
 6.2 	 818499765999.562 	 277653033828.862 	 548076399914.212 
 6.3 	 1262248011881.74 	 594418118745.565 	 928333065313.653 
 6.4 	 1793496089529.09 	 1021925438097.14 	 1407710763813.11 
 6.5 	 2396489947284.05 	 1548603411724.84 	 1972546679504.45 
 6.6 	 3053128573911.37 	 2159330347240.15 	 2606229460575.76 
 6.7 	 3743720149201.62 	 2836120675201.03 	 3289920412201.32 
 6.8 	 4447754545168.93 	 3558882132808.62 	 4003318338988.78 
 6.9 	 5144662085934.86 	 4306211903315.6 	 4725436994625.23 
 7 	 5814531343882.16 	 5056200513019.65 	 5435365928450.91 
 7.1 	 6438762372205.59 	 5787214082568.31 	 6112988227386.95 
 7.2 	 7000635964716.99 	 6478628206356.31 	 6739632085536.65 
 7.3 	 7485784099794.6 	 7111490151720.4 	 7298637125757.5 
 7.4 	 7882551473420.75 	 7669090069629.15 	 7775820771524.95 
 7.5 	 8182242769947.1 	 8137426320776.5 	 8159834545361.8 
 7.6 	 8379254885350.81 	 8505554670576.89 	 8442404777963.85 
 7.7 	 8471097552102.65 	 8765815820239.59 	 8618456686171.12 
 7.8 	 8458309586548.4 	 8913940352808.35 	 8686124969678.38 
 7.9 	 8344281184901.47 	 8949034529404.85 	 8646657857153.16 
 8 	 8134995257485.34 	 8873454335857.14 	 8504224796671.24 
 8.1 	 7838702667483.55 	 8692578638582.57 	 8265640653033.06 
 8.2 	 7465547414347.04 	 8414495170254.57 	 7940021292300.8 
 8.3 	 7027158285383.68 	 8049615265706.11 	 7538386775544.9 
 8.4 	 6536223329710.72 	 7610234768972.34 	 7073229049341.53 
 8.5 	 6006062746701.79 	 7110059322480.45 	 6558061034591.12 
 8.6 	 5450214504679.71 	 6563712344175.68 	 6006963424427.7 
 8.7 	 4882045307115.61 	 5986243436781.1 	 5434144371948.35 
 8.8 	 4314397504452.32 	 5392653815687.18 	 4853525660069.75 
 8.9 	 3759280315792.12 	 4797453666369.33 	 4278366991080.73 
 9 	 3227611381934.03 	 4214264241194.77 	 3720937811564.4 
 9.1 	 2729012321035.61 	 3655475081454.45 	 3192243701245.03 
 9.2 	 2271659693864.65 	 3131964111784.31 	 2701811902824.48 
 9.3 	 1862190689101.33 	 2652885610560.85 	 2257538149831.09 
 9.4 	 1505660978598.59 	 2225528318599.71 	 1865594648599.15 
 9.5 	 1205550620413.17 	 1855243310296.58 	 1530396965354.87 
 9.6 	 963812639719.655 	 1545438807149.59 	 1254625723434.62 
 9.7 	 780958013640.842 	 1297636941700.89 	 1039297477670.87 
 9.8 	 656170228495.865 	 1111585643675.51 	 883877936085.689 
 9.9 	 587442354889.722 	 985417366396.594 	 786429860643.158 
 10 	 571729672025.65 	 915845330010.672 	 743787501018.161 
 10.1 	 605111231052.616 	 898387340738.839 	 751749285895.728 
 10.2 	 682954333023.987 	 927607047420.312 	 805280690222.15 
 10.3 	 800076659075.579 	 997362697286.194 	 898719678180.887 
 10.4 	 950901674568.646 	 1101054017313.95 	 1025977845941.3 
 10.5 	 1129603880605.07 	 1231858728750 	 1180731304677.54 
 10.6 	 1330241453057.94 	 1382951344017.26 	 1356596398537.6 
 10.7 	 1546874742999.66 	 1547698234034.84 	 1547286488517.25 
 10.8 	 1773669971349.08 	 1719824422844.16 	 1746747197096.62 
 10.9 	 2004988200632.03 	 1893549097204.2 	 1949268648918.12 
 11 	 2235460282619.5 	 2063688345067.87 	 2149574313843.69 
 11.1 	 2460048946205.88 	 2225725096473.16 	 2342887021339.52 
 11.2 	 2674099498432.4 	 2375847577824.9 	 2524973538128.65 
 11.3 	 2873380765198.59 	 2510958758732.11 	 2692169761965.35 
 11.4 	 3054117907173.34 	 2628660232331.31 	 2841389069752.33 
 11.5 	 3213018627950.46 	 2727214699112.71 	 2970116663531.59 
 11.6 	 3347294068399.82 	 2805491705819.27 	 3076392887109.55 
 11.7 	 3454675380252.36 	 2862901521559.78 	 3158788450906.07 
 11.8 	 3533426622376.8 	 2899322020383.3 	 3216374321380.05 
 11.9 	 3582354254729.53 	 2915023200770.21 	 3248688727749.87 
 12 	 3600813146415.02 	 2910593534200.92 	 3255703340307.97 
******************************************

