40000 1.285
38642.86266 1.293
37373.39762 1.28523
36185.99602 1.27698
35071.72167 1.27659
34022.86336 1.27398
33036.00925 1.27121
32104.79003 1.26902
31223.65504 1.26669
30390.51816 1.26425
29599.81056 1.26251
28850.03751 1.26203
28137.31007 1.26162
27458.1949 1.26033
26811.80792 1.25808
26195.1539 1.25713
25605.57177 1.25678
25042.57237 1.2568
24503.79809 1.25686
23987.14289 1.25656
23492.37672 1.25524
23017.60847 1.25404
22561.14069 1.25327
22122.91492 1.25301
21701.38889 1.25259
21295.17238 1.25305
20904.32092 1.25313
20527.55825 1.25369
20163.72948 1.25295
19812.9656 1.25296
19473.81745 1.25194
19146.45121 1.25116
18829.90943 1.25103
18523.32086 1.25037
18226.88831 1.25022
17939.79405 1.25026
17661.29175 1.24989
17391.60681 1.2504
17130.03409 1.24968
16875.92818 1.25088
16629.52739 1.25015
16390.21832 1.24998
16157.43808 1.25085
15931.43112 1.24972
15711.65962 1.24976
15497.62886 1.2495
15289.58473 1.24963
15086.82468 1.24908
14889.59366 1.24883
14697.45293 1.24844
14509.99739 1.2479
14327.46862 1.24774
14149.47505 1.24754
13975.65441 1.24737
13806.24318 1.2472
13640.88993 1.24703
13479.26888 1.24686
13321.61032 1.24669
13167.59718 1.24652
13016.93503 1.24634
12869.84723 1.24607
12726.0464 1.24581
12585.26517 1.24554
12447.71958 1.24528
12313.14798 1.24501
12181.30657 1.24475
12052.40385 1.24448
11926.05844 1.24421
11802.4738 1.24395
11681.4242 1.24368
11562.69873 1.24342
11446.49337 1.24315
11332.60049 1.24289
11220.82585 1.24262
11111.35803 1.24235
11004.00546 1.24209
10898.58863 1.24182
10795.28894 1.24156
10693.92906 1.24134
10594.34262 1.24119
10496.70403 1.24105
10400.84871 1.2409
10306.622 1.24076
10214.1916 1.24061
10123.30182 1.24047
10034.11599 1.24032
9946.4879 1.24018
9860.27983 1.24003
9775.64886 1.23989
9692.4583 1.23975
9610.57933 1.2396
9530.16297 1.23946
9451.0812 1.23931
9373.21323 1.23917
9296.70432 1.23902
9221.4343 1.23888
9147.28966 1.23873
9074.41016 1.23861
9002.6828 1.23851
8932.00068 1.2384
8862.49834 1.2383
8794.06928 1.23819
8726.61268 1.23809
8660.25808 1.23798
8594.83107 1.23788
8530.458 1.23777
8467.04204 1.23767
8404.49136 1.23756
8342.9277 1.23746
8282.2594 1.23735
8222.39946 1.23725
8163.46523 1.23714
8105.36981 1.23704
8048.03065 1.23693
7991.56091 1.23681
7935.8781 1.2366
7880.90378 1.2364
7826.74713 1.23619
7773.32971 1.23598
7720.57688 1.23578
7668.59404 1.23557
7617.2485 1.23536
7566.64321 1.23516
7516.70588 1.23495
7467.3676 1.23474
7418.72784 1.23453
7370.71761 1.23433
7323.27116 1.23412
7276.48458 1.23391
7230.29203 1.23371
7184.63064 1.2335
7139.59333 1.23329
7095.11714 1.23322
7051.14193 1.23317
7007.75759 1.23313
6964.90385 1.23308
6922.52312 1.23303
6880.70238 1.23298
6839.38391 1.23293
6798.51249 1.23289
6758.17232 1.23284
6718.26293 1.23279
6678.86673 1.23274
6639.92988 1.23269
6601.40082 1.23265
6563.35939 1.2326
6525.75389 1.23255
6488.53476 1.2325
6451.7794 1.23245
6415.43811 1.23241
6379.46323 1.23236
6343.92981 1.23231
6308.79004 1.23221
6273.99804 1.2321
6239.62662 1.23199
6205.62975 1.23188
6171.96324 1.23178
6138.69774 1.23167
6105.75162 1.23156
6073.19414 1.23145
6040.98202 1.23134
6009.0737 1.23123
5977.53642 1.23112
5946.32844 1.23101
5915.40964 1.2309
5884.84535 1.23079
5854.59527 1.23068
5824.62067 1.23058
5794.98502 1.23047
5765.64941 1.23036
5736.57641 1.23025
5707.82771 1.23014
5679.36573 1.23003
5651.15425 1.22983
5623.25328 1.22963
5595.62646 1.22943
5568.23877 1.22923
5541.14857 1.22903
5514.29028 1.22883
5487.72122 1.22863
5461.40697 1.22843
5435.31432 1.22824
5409.49908 1.22804
5383.9279 1.22784
5358.56862 1.22764
5333.47556 1.22744
5308.61642 1.22724
5283.96001 1.22704
5259.55925 1.22684
5235.38281 1.22664
5211.40046 1.22643
5187.66374 1.22599
5164.14226 1.22554
5140.8067 1.2251
5117.70727 1.22465
5094.78854 1.22421
5072.0999 1.22376
5049.61244 1.22331
5027.29823 1.22287
5005.20541 1.22242
4983.30593 1.22198
4961.57262 1.22153
4940.05246 1.22108
4918.71818 1.22055
4897.54339 1.22001
4876.57391 1.21946
4855.78324 1.21892
4835.14571 1.21837
4814.70604 1.21783
4794.43845 1.21728
4774.31799 1.21674
4754.3883 1.21619
4734.62431 1.21565
4715.00172 1.21511
4695.56316 1.21456
4676.26236 1.21402
4657.14126 1.21321
4638.1759 1.21219
4619.34304 1.21118
4600.68366 1.21017
4582.17443 1.20915
4563.79269 1.20814
4545.57852 1.20712
4527.50915 1.20611
4509.56253 1.20512
4491.7778 1.20414
4474.1328 1.20316
4456.60603 1.20219
4439.23574 1.20121
4422.00034 1.20107
4404.87884 1.20103
4387.90868 1.19782
4371.04966 1.19502
4354.33866 1.19313
4337.75495 1.19134
4321.27841 1.19038
4304.94509 1.18875
4288.73478 1.18699
4272.62784 1.1853
4256.65954 1.18403
4240.81016 1.18188
4225.06052 1.18054
4209.44515 1.17862
4193.94478 1.17818
4178.54069 1.1759
4163.26667 1.17371
4148.1039 1.17315
4133.0341 1.17073
4118.09036 1.16891
4103.25429 1.16738
4088.50802 1.16548
4073.88396 1.16381
4059.34766 1.16153
4044.93109 1.15971
4030.61656 1.15755
4016.38686 1.15533
4002.27329 1.15339
3988.25857 1.15044
3974.32585 1.14825
3960.50584 1.14661
3946.7816 1.14356
3933.13668 1.14062
3919.60114 1.13778
3906.15845 1.13571
3892.79249 1.13239
3879.53275 1.12905
3866.36303 1.12642
3853.26757 1.12263
3840.27527 1.11898
3827.35564 1.11527
3814.5372 1.11133
3801.80434 1.10655
3789.14184 1.10248
3776.57767 1.09814
3764.09654 1.09336
3751.68357 1.08768
3739.36618 1.08245
3727.1294 1.07674
3714.95865 1.07084
3702.88084 1.06505
3690.88131 1.05762
3678.94576 1.04747
3667.10061 1.03807
3655.33148 1.02922
3643.62439 1.01917
3632.00523 1.00806
3620.45994 0.9963
3608.9748 0.9841
3597.57523 0.97069
3586.2346 0.95558
3574.97801 0.93934
3563.79187 0.92177
3552.6629 0.90305
3541.61576 0.88176
3530.6371 0.85764
3519.71392 0.83179
3508.87042 0.80397
3498.09354 0.77378
3487.37049 0.74388
3476.72506 0.71588
3466.14443 0.69141
3455.61607 0.67625
3445.16334 0.66853
3434.77365 0.67101
3424.43471 0.68075
3414.16949 0.69692
3403.95403 0.71821
3393.81105 0.7408
3383.72833 0.76365
3373.69396 0.78516
3363.73024 0.80548
3353.82521 0.82618
3343.96715 0.84679
3334.17799 0.87236
3324.44598 0.90349
3314.75963 0.94372
3305.14048 0.99298
3295.57701 1.05421
3286.05791 1.12359
3276.60439 1.199
3267.2051 1.27257
3257.84897 1.34237
3248.55683 1.40645
3239.31754 1.46401
3230.12023 1.51541
3220.98536 1.5597
3211.89171 1.59981
3202.85951 1.63431
3193.87797 1.66648
3184.93652 1.69608
3176.05509 1.72163
3167.22304 1.74423
3158.43001 1.76166
3149.69558 1.77408
3141.00933 1.78123
3132.36105 1.78151
3123.77002 1.77603
3115.22598 1.76554
3106.7189 1.75042
3098.26776 1.73107
3089.86247 1.71082
3081.49317 1.69014
3073.17853 1.66969
3064.89924 1.65084
3056.67379 1.63217
3048.49237 1.61621
3040.34538 1.60128
3032.25102 1.58763
3024.19965 1.57503
3016.18182 1.5632
3008.21544 1.55204
3000.29103 1.54225
2992.39931 1.53266
2984.5579 1.52448
2976.75748 1.51572
2968.98891 1.50777
2961.26956 1.50029
2953.59024 1.49294
2945.94196 1.48622
2938.34183 1.47976
2930.78082 1.47376
2923.25007 1.46763
2915.76642 1.46236
2908.31254 1.45686
2900.90508 1.45173
2893.53526 1.44717
2886.19447 1.44219
2878.89911 1.43802
2871.64054 1.43346
2864.41028 1.42986
2857.22449 1.42616
2850.07467 1.42234
2842.95246 1.41846
2835.8738 1.41496
2828.83031 1.41181
2821.81375 1.40862
2814.83984 1.40593
2807.90031 1.40306
2800.98707 1.39973
2794.11559 1.39727
2787.26998 1.39441
2780.46556 1.39227
2773.69428 1.3898
2766.94825 1.38724
2760.24257 1.3851
2753.56931 1.38299
2746.9207 1.38044
2740.31163 1.37846
2733.73428 1.37633
2727.18099 1.37447
2720.66645 1.37259
2714.18296 1.3707
2707.72297 1.36893
2701.30095 1.36724
2694.90932 1.36479
2688.54063 1.36333
2682.20917 1.36185
2675.90747 1.36007
2669.62817 1.35838
2663.38538 1.35667
2657.16465 1.35546
2650.97993 1.35369
2644.82395 1.35223
2638.68952 1.35084
2632.59042 1.34961
2626.51944 1.34796
2620.46954 1.34676
2614.45427 1.34559
2608.46656 1.34412
2602.49944 1.34305
2596.5663 1.34194
2590.66015 1.34053
2584.77413 1.33923
2578.92144 1.33861
2573.0952 1.33726
2567.28864 1.3362
2561.51478 1.33518
2555.7603 1.33391
2550.03812 1.33307
2544.34151 1.33208
2538.66385 1.33108
2533.01789 1.33016
2527.39698 1.32942
2521.79461 1.32813
2516.22335 1.32771
2510.67665 1.32634
2505.14808 1.32561
2499.65005 1.325
2494.1761 1.32355
2488.71988 1.32312
2483.29364 1.32213
2477.89102 1.32115
2472.50574 1.32053
2467.1499 1.32046
2461.81721 1.31964
2456.5015 1.31866
2451.2147 1.3178
2445.94462 1.31764
2440.70312 1.317
2435.48403 1.31619
2430.28131 1.31571
2425.10664 1.31494
2419.95397 1.31399
2414.81732 1.31382
2409.70823 1.31301
2404.62072 1.31234
2399.54888 1.31172
2394.50413 1.31107
2389.48055 1.3104
2384.47232 1.30968
2379.49069 1.30909
2374.52984 1.30857
2369.58402 1.30809
2364.66435 1.30767
2359.75949 1.30728
2354.88049 1.30699
2350.02162 1.30674
2345.17726 1.30644
2340.35831 1.30618
2335.55912 1.30592
2330.77414 1.30567
2326.01414 1.30549
2321.27354 1.30529
2316.54686 1.30508
2311.84474 1.30487
2307.16166 1.30465
2302.49222 1.30441
2297.84692 1.30403
2293.22032 1.30433
2288.60709 1.30354
2284.01759 1.30337
2279.44646 1.30334
2274.88842 1.30326
2270.35372 1.30319
2265.83193 1.30362
2261.33324 1.304
2256.85237 1.30423
2252.38415 1.30434
2247.93864 1.30521
2243.51065 1.30554
2239.09505 1.30637
2234.70179 1.30744
2230.32574 1.30784
2225.96184 1.30877
2221.61992 1.30988
2217.2949 1.31045
2212.98179 1.31176
2208.69031 1.31263
2204.41544 1.31346
2200.15225 1.31452
2195.91034 1.31476
2191.67994 1.31553
2187.47061 1.31604
2183.27741 1.31621
2179.0955 1.31667
2174.93432 1.31705
2170.78899 1.31685
2166.65475 1.31702
2162.5409 1.31711
2158.44264 1.31696
2154.35524 1.31706
2150.28792 1.31687
2146.23593 1.31654
2142.19459 1.31656
2138.17302 1.31594
2134.16651 1.31575
2130.17046 1.31545
2126.19386 1.31495
2122.23208 1.3144
2118.28055 1.31409
2114.34818 1.31376
2110.42593 1.31262
2106.52264 1.31272
2102.63376 1.31224
2098.75481 1.31103
2094.89453 1.31124
2091.04843 1.31049
2087.21207 1.30961
2083.3941 1.30898
2079.59007 1.30873
2075.7956 1.30828
2072.01924 1.30717
2068.2566 1.30654
2064.50334 1.30641
2060.76792 1.30588
2057.046 1.30487
2053.33328 1.30462
2049.63814 1.3035
2045.95208 1.30288
2042.28344 1.30272
2038.62792 1.30223
2034.98133 1.30123
2031.35188 1.3007
2027.73536 1.29987
2024.1276 1.29944
2020.53674 1.29849
2016.95859 1.29794
2013.38904 1.29736
2009.83614 1.29705
2006.29576 1.29616
2002.76381 1.2955
1999.24828 1.29496
1995.74507 1.29419
1992.25015 1.29368
1988.7714 1.29288
1985.30477 1.29253
1981.84629 1.2919
1978.40374 1.29122
1974.96924 1.29036
1971.55053 1.29014
1968.14363 1.28868
1964.74462 1.2881
1961.36118 1.28772
1957.98938 1.28667
1954.62533 1.28647
1951.27662 1.28592
1947.93937 1.28494
1944.60974 1.28413
1941.29523 1.28382
1937.99201 1.28288
1934.69626 1.28231
1931.41544 1.282
1928.14572 1.28061
1924.88335 1.2799
1921.6357 1.27959
1918.3953 1.27885
1915.16948 1.27816
1911.9545 1.2772
1908.74664 1.27678
1905.55316 1.27572
1902.37035 1.27554
1899.19455 1.27455
1896.03293 1.27395
1892.88182 1.27309
1889.73759 1.27225
1886.60735 1.27154
1883.48747 1.27067
1880.37434 1.26984
1877.27502 1.26908
1874.1859 1.26828
1871.10343 1.26775
1868.03457 1.26695
1864.97576 1.26627
1861.92348 1.26543
1858.88463 1.2644
1855.85224 1.26379
1852.83317 1.26287
1849.8239 1.26245
1846.82097 1.26136
1843.83119 1.26086
1840.85106 1.25981
1837.87718 1.25873
1834.91625 1.25769
1831.96486 1.25701
1829.01959 1.25638
1826.08712 1.25591
1823.16403 1.2542
1820.24697 1.254
1817.34254 1.25311
1814.44736 1.25201
1811.5581 1.25008
1808.68131 1.24985
1805.81038 1.24889
1802.95179 1.2478
1800.10225 1.24694
1797.25846 1.24628
1794.42687 1.24501
1791.60418 1.24391
1788.78717 1.24299
1785.98218 1.24226
1783.18598 1.24056
1780.39535 1.23955
1777.61661 1.23866
1774.84652 1.23734
1772.08191 1.23645
1769.32904 1.23502
1766.5847 1.23364
1763.84575 1.2324
1761.11838 1.23159
1758.39943 1.23043
1755.68579 1.2294
1752.98358 1.22844
1750.28661 1.2278
1747.60098 1.22608
1744.92358 1.22459
1742.25134 1.22387
1739.59029 1.22388
1736.93736 1.22269
1734.2895 1.22252
1731.65271 1.22262
1729.02391 1.22233
1726.40011 1.2223
1723.78723 1.22241
1721.18225 1.22248
1718.58217 1.22366
1715.99288 1.22512
1713.41138 1.22623
1710.83472 1.22765
1708.2687 1.22901
1705.70747 1.23058
1703.1568 1.23208
1700.61375 1.2334
1698.0754 1.23559
1695.54749 1.23808
1693.0271 1.24001
1690.51133 1.24195
1688.00587 1.24342
1685.50784 1.24543
1683.01435 1.24768
1680.53105 1.24965
1678.05507 1.25056
1675.58356 1.25257
1673.12213 1.25384
1670.66792 1.2559
1668.21811 1.25713
1665.77825 1.2585
1663.34552 1.2602
1660.91713 1.26118
1658.49856 1.26246
1656.08429 1.26336
1653.67977 1.26421
1651.28222 1.26628
1648.8889 1.2669
1646.50521 1.26804
1644.12841 1.2694
1641.75576 1.26966
1639.39264 1.27021
1637.03631 1.27084
1634.68407 1.27194
1632.34125 1.27182
1630.00513 1.27237
1627.67305 1.27279
1625.35026 1.27287
1623.0341 1.27394
1620.7219 1.27464
1618.4189 1.27477
1616.11983 1.27574
1613.82988 1.27699
1611.54641 1.27739
1609.2668 1.2775
1606.99622 1.27828
1604.73203 1.27874
1602.47165 1.27937
1600.22019 1.27973
1597.97505 1.28084
1595.73365 1.28118
1593.50107 1.28161
1591.27472 1.28199
1589.05207 1.28261
1586.83813 1.28328
1584.63035 1.28429
1582.42621 1.28386
1580.23068 1.2846
1578.04124 1.28463
1575.85537 1.28557
1573.67803 1.2867
1571.50423 1.28613
1569.33888 1.28641
1567.1795 1.2864
1565.0236 1.28709
1562.87607 1.28698
1560.73442 1.28724
1558.5962 1.28804
1556.46626 1.2882
1554.34213 1.28836
1552.22138 1.28872
1550.10882 1.28901
1548.00199 1.28954
1545.8985 1.28945
1543.8031 1.28926
1541.71337 1.2895
1539.62692 1.28986
1537.54847 1.29086
1535.47327 1.29082
1533.40602 1.29106
1531.34432 1.29092
1529.28582 1.29093
1527.23519 1.29069
1525.19004 1.29134
1523.14804 1.29165
1521.11382 1.29182
1519.08502 1.2915
1517.05933 1.29137
1515.04133 1.29194
1513.02869 1.29187
1511.01911 1.29195
1509.01713 1.29132
1507.02045 1.29163
1505.02679 1.29262
1503.04065 1.29257
1501.05975 1.29266
1499.08181 1.29253
1497.11132 1.29223
1495.14377 1.29359
1493.18362 1.29336
1491.22859 1.29268
1489.27646 1.29299
1487.33165 1.29285
1485.39191 1.29359
1483.45503 1.29353
1481.52538 1.29323
1479.60074 1.29349
1477.67892 1.29397
1475.76426 1.29339
1473.85456 1.29336
1471.94762 1.29377
1470.04778 1.29362
1468.15283 1.29391
1466.26061 1.29394
1464.37541 1.29402
1462.49291 1.29408
1460.61737 1.29413
1458.74664 1.29417
1456.87858 1.29422
1455.01741 1.29423
1453.16099 1.29426
1451.30719 1.29428
1449.46022 1.29426
1447.61794 1.29432
1445.77826 1.29426
1443.94532 1.2943
1442.11703 1.29428
1440.29128 1.29425
1438.47223 1.29424
1436.65776 1.29417
1434.8458 1.29418
1433.04047 1.2941
1431.23967 1.29408
1429.44135 1.29402
1427.64957 1.29395
1425.86026 1.29394
1424.07745 1.29377
1422.29909 1.29379
1420.52315 1.29365
1418.75365 1.29358
1416.98856 1.29349
1415.22585 1.29336
1413.46952 1.29328
1411.71754 1.29312
1409.96791 1.29302
1408.22459 1.29283
1406.48559 1.29273
1404.74889 1.29247
1403.01845 1.29228
1401.29227 1.29202
1399.56837 1.29182
1397.85066 1.29164
1396.13522 1.29143
1394.42592 1.29129
1392.72081 1.29111
1391.01792 1.29102
1389.32112 1.2908
1387.62846 1.29073
1385.938 1.29052
1384.25356 1.29042
1382.57322 1.29021
1380.89504 1.29012
1379.22284 1.28997
1377.55468 1.28985
1375.88865 1.2897
1374.22854 1.28956
1372.57243 1.28943
1370.91843 1.28925
1369.27029 1.28913
1367.6261 1.28897
1365.98399 1.28888
1364.34768 1.2887
1362.71343 1.28861
1361.08495 1.28841
1359.46035 1.28833
1357.83778 1.2881
1356.22092 1.28802
1354.6079 1.28783
1352.99689 1.28777
1351.39153 1.28755
1349.78997 1.28749
1348.19039 1.28726
1346.59641 1.2872
1345.00619 1.28694
1343.41792 1.28688
1341.8352 1.28668
1340.2562 1.28662
1338.67913 1.28641
1337.10754 1.28635
1335.53786 1.28614
1333.97364 1.28611
1332.41308 1.28591
1330.8544 1.28583
1329.30112 1.28559
1327.75147 1.28554
1326.20366 1.28527
1324.66122 1.28519
1323.12236 1.28495
1321.58532 1.28484
1320.05359 1.28463
1318.52541 1.28449
1316.99903 1.28426
1315.47791 1.28414
1313.9603 1.28391
1312.44447 1.28374
1310.93384 1.28354
1309.42669 1.28336
1307.92129 1.28314
1306.42106 1.28295
1304.92256 1.28277
1303.42919 1.28252
1301.93924 1.28235
1300.451 1.28211
1298.96784 1.28193
1297.48806 1.28164
1296.00997 1.28153
1294.53692 1.28119
1293.06722 1.28104
1291.59918 1.28077
1290.13614 1.28058
1288.6764 1.28029
1287.21831 1.2801
1285.76517 1.27984
1284.3153 1.27958
1282.86705 1.27936
1281.42371 1.27906
1279.98198 1.27887
1278.54512 1.27857
1277.11148 1.27838
1275.67943 1.27803
1274.25221 1.27786
1272.82817 1.27753
1271.4057 1.27728
1269.98802 1.27701
1268.5735 1.27672
1267.16052 1.27645
1265.75229 1.27612
1264.34718 1.27591
1262.94359 1.27552
1261.54471 1.27532
1260.14892 1.27495
1258.75464 1.2747
1257.36502 1.27437
1255.97846 1.27404
1254.59338 1.27381
1253.21292 1.27342
1251.83394 1.27322
1250.45954 1.27281
1249.08817 1.27257
1247.71824 1.27221
1246.35286 1.27189
1244.99047 1.2716
1243.62951 1.27121
1242.27306 1.27097
1240.91957 1.27055
1239.56749 1.27027
1238.21989 1.2699
1236.87521 1.26956
1235.53192 1.26924
1234.19307 1.26883
1232.85712 1.26855
1231.52254 1.26813
1230.19237 1.26778
1228.86355 1.26741
1227.5391 1.26705
1226.21751 1.26672
1224.89726 1.26627
1223.58135 1.26598
1222.26826 1.26554
1220.9565 1.26518
1219.64903 1.26481
1218.34437 1.26436
1217.04101 1.26405
1215.74191 1.26356
1214.44559 1.2632
1213.15055 1.26278
1211.85974 1.26233
1210.57168 1.26199
1209.28489 1.26145
1208.00229 1.2611
1206.72241 1.26063
1205.44378 1.26016
1204.16932 1.25978
1202.89609 1.25916
1201.627 1.25881
1200.36059 1.2582
1199.0954 1.25766
1197.83432 1.25745
1196.57588 1.25754
1195.31865 1.25677
1194.06549 1.25589
1192.81496 1.25539
1191.56562 1.25537
1190.32032 1.25473
1189.07761 1.25434
1187.83608 1.25385
1186.59856 1.25344
1185.3636 1.25341
1184.12982 1.25262
1182.9 1.25108
1181.67133 1.24983
1180.44661 1.24922
1179.22442 1.24881
1178.00338 1.24806
1176.78624 1.24779
1175.57162 1.24764
1174.35813 1.2469
1173.14851 1.24659
1171.94138 1.24604
1170.73536 1.24536
1169.53319 1.24466
1168.33349 1.24417
1167.13488 1.24401
1165.94009 1.2434
1164.74774 1.24207
1163.55648 1.24157
1162.369 1.24161
1161.18394 1.24114
1159.99995 1.23977
1158.81972 1.23821
1157.64054 1.23739
1156.4651 1.2368
1155.29205 1.2362
1154.12004 1.23538
1152.95173 1.23521
1151.78579 1.23479
1150.62088 1.23351
1149.45964 1.23228
1148.30074 1.23213
1147.14287 1.2325
1145.98864 1.23271
1144.83673 1.23178
1143.68582 1.23059
1142.53854 1.22932
1141.39355 1.22821
1140.24956 1.22779
1139.10915 1.22748
1137.96973 1.22704
1136.83387 1.22607
1135.70028 1.22546
1134.56767 1.22496
1133.43859 1.22406
1132.31176 1.22375
1131.18589 1.22325
1130.06353 1.22232
1128.9434 1.22234
1127.82421 1.22127
1126.70851 1.22004
1125.59502 1.2211
1124.48246 1.22076
1123.37336 1.21991
1122.26644 1.2189
1121.16045 1.21807
1120.05788 1.2172
1118.95749 1.21618
1117.85801 1.21391
1116.76193 1.21312
1115.66675 1.21306
1114.57496 1.21199
1113.48531 1.21186
1112.39655 1.21179
1111.31115 1.2109
1110.22786 1.21061
1109.14546 1.21047
1108.06639 1.21034
1106.98942 1.20975
1105.91332 1.2085
1104.84053 1.20644
1103.76982 1.20629
1102.69996 1.20632
1101.63339 1.20646
1100.56888 1.20618
1099.50522 1.20549
1098.44482 1.20442
1097.38526 1.20334
1096.32894 1.20225
1095.27466 1.20114
1094.2212 1.1999
1093.17096 1.19888
1092.12274 1.19805
1091.07533 1.19726
1090.03112 1.19648
1088.98891 1.19571
1087.9475 1.19535
1086.90926 1.1948
1085.87301 1.19404
1084.83755 1.19401
1083.80524 1.19304
1082.77489 1.19073
1081.74533 1.19216
1080.71889 1.19282
1079.6944 1.19122
1078.67069 1.18961
1077.65008 1.18774
1076.63023 1.1852
1075.61348 1.1856
1074.59864 1.18688
1073.58456 1.18651
1072.57354 1.18549
1071.56443 1.18405
1070.55607 1.18332
1069.55075 1.18245
1068.54731 1.18143
1067.54462 1.18136
1066.54494 1.18112
1065.54713 1.18025
1064.55006 1.17891
1063.55598 1.1777
1062.56375 1.17841
1061.57225 1.17766
1060.58372 1.1757
1059.59591 1.17427
1058.61106 1.17289
1057.62804 1.17154
1056.64572 1.17069
1055.66634 1.16959
1054.68878 1.16546
1053.71191 1.16325
1052.73796 1.16288
1051.76581 1.16398
1050.79435 1.16469
1049.82578 1.16378
1048.859 1.16235
1047.8929 1.16061
1046.92967 1.15938
1045.96821 1.15838
1045.00742 1.15779
1044.04949 1.15668
1043.09331 1.15537
1042.1378 1.15408
1041.18512 1.15322
1040.2331 1.15301
1039.28389 1.15164
1038.33642 1.14995
1037.3896 1.1493
1036.44557 1.14863
1035.50326 1.14795
1034.5616 1.14643
1033.62271 1.14458
1032.68553 1.14277
1031.74898 1.14096
1030.81519 1.13917
1029.88309 1.13752
1028.95161 1.13595
1028.02288 1.13495
1027.09581 1.13368
1026.16937 1.13161
1025.24565 1.12991
1024.32254 1.12849
1023.40214 1.12737
1022.48339 1.12609
1021.56524 1.12325
1020.64979 1.1215
1019.73597 1.12138
1018.82275 1.12032
1017.9122 1.11878
1017.00328 1.11717
1016.09494 1.11538
1015.18926 1.11279
1014.28519 1.11178
1013.38171 1.11272
1012.48085 1.11197
1011.5816 1.11049
1010.68292 1.10619
1009.78685 1.10223
1008.89238 1.10056
1007.99847 1.09857
1007.10716 1.09614
1006.2164 1.09491
1005.32824 1.09435
1004.44164 1.09161
1003.5556 1.08851
1002.67212 1.08525
1001.7902 1.08236
1000.90883 1.08032
1000.03 1.07863
999.15272 1.07729
998.27598 1.07494
997.40177 1.07214
996.52909 1.07024
995.65694 1.06847
994.78731 1.06698
993.9192 1.06517
993.05162 1.06244
992.18653 1.05885
991.32197 1.05414
990.45989 1.0516
989.59931 1.05049
988.73925 1.05027
987.88166 1.05032
987.02555 1.04716
986.16995 1.04381
985.31681 1.04108
984.46514 1.03827
983.61397 1.03516
982.76525 1.03263
981.91798 1.0311
981.07121 1.02915
980.22686 1.02678
979.38397 1.02442
978.54156 1.02206
977.70156 1.01784
976.863 1.013
976.02492 1.01209
975.18924 1.01176
974.35403 1.0095
973.5212 1.00711
972.68979 1.00382
971.85885 1.0005
971.03028 0.99712
970.20312 0.99366
969.37643 0.99002
968.55208 0.98719
967.72914 0.9858
966.90665 0.98362
966.0865 0.98046
965.26774 0.97759
964.44943 0.97501
963.63344 0.97344
962.81883 0.97259
962.00466 0.97148
961.1928 0.97022
960.38139 0.96686
959.57226 0.96261
958.7645 0.95968
957.95718 0.9572
957.15213 0.95658
956.34843 0.95646
955.54517 0.95446
954.74417 0.95205
953.94451 0.94669
953.14528 0.94081
952.3483 0.93872
951.55265 0.93718
950.75742 0.93496
949.96442 0.93267
949.17275 0.93505
948.38149 0.93796
947.59245 0.93616
946.80472 0.93382
946.01741 0.92962
945.2323 0.92519
944.44759 0.92275
943.66508 0.92057
942.88387 0.91872
942.10306 0.91692
941.32442 0.91578
940.54708 0.91477
939.77013 0.91493
938.99535 0.91537
938.22184 0.91363
937.44873 0.91123
936.67777 0.91078
935.90808 0.91108
935.13877 0.9077
934.37161 0.90253
933.6057 0.89911
932.84017 0.89679
932.07677 0.89671
931.31375 0.89849
930.55284 0.89958
929.79318 0.89992
929.03389 0.90014
928.2767 0.90018
927.52075 0.89987
926.76516 0.89877
926.01167 0.89804
925.2594 0.89873
924.50749 0.89925
923.75766 0.89852
923.00905 0.89778
922.26079 0.89692
921.5146 0.89605
920.76962 0.89675
920.02499 0.89764
919.28241 0.89958
918.54103 0.90184
917.8 0.90234
917.061 0.90182
916.32236 0.90251
915.58574 0.90444
914.85031 0.90518
914.11522 0.9037
913.38214 0.90282
912.65025 0.90444
911.91869 0.90602
911.18913 0.90655
910.46074 0.90708
909.73268 0.90865
909.00662 0.91039
908.28171 0.91169
907.55714 0.9128
906.83454 0.91389
906.11309 0.91497
905.39197 0.91605
904.67282 0.91711
903.95399 0.91814
903.23711 0.91898
902.52137 0.91983
901.80596 0.92212
901.09248 0.92456
900.38014 0.92808
899.66811 0.93208
898.95802 0.93471
898.24904 0.93587
897.54038 0.93713
896.83364 0.93868
896.12801 0.94024
895.42269 0.94226
894.71928 0.94428
894.01697 0.94638
893.31497 0.9485
892.61486 0.95094
891.91585 0.9537
891.21714 0.95632
890.52032 0.95858
889.8238 0.96084
889.12915 0.96343
888.43559 0.96602
887.74232 0.96848
887.05092 0.9709
886.36059 0.97315
885.67056 0.9752
884.98238 0.97725
884.29527 0.97936
883.60844 0.98147
882.92347 0.98433
882.23955 0.98734
881.55591 0.98989
880.87411 0.99199
880.19336 0.99453
879.51289 0.99877
878.83424 1.003
878.15664 1.00759
877.47932 1.01222
876.8038 1.01601
876.12856 1.01908
875.45513 1.02213
874.78273 1.02515
874.11059 1.02817
873.44025 1.03087
872.77094 1.03351
872.1019 1.03607
871.43463 1.03854
870.76839 1.04105
870.10241 1.04387
869.4382 1.04669
868.77501 1.04963
868.11207 1.05262
867.4509 1.05587
866.79073 1.05959
866.13082 1.06331
865.47266 1.06467
864.81475 1.06593
864.15859 1.06818
863.50342 1.0712
862.8485 1.07441
862.19532 1.0787
861.54313 1.083
860.89118 1.08588
860.24095 1.08823
859.59171 1.09091
858.94271 1.09442
858.29543 1.09792
857.64912 1.10297
857.00304 1.10828
856.35868 1.11279
855.71528 1.11612
855.07212 1.11945
854.43065 1.12171
853.79015 1.1239
853.14987 1.12656
852.51129 1.12971
851.87293 1.13285
851.23625 1.13594
850.60052 1.13903
849.96502 1.14233
849.33119 1.14581
848.69831 1.14928
848.06565 1.15209
847.43465 1.1549
846.80458 1.15792
846.17474 1.16112
845.54655 1.16433
844.91929 1.16864
844.29225 1.17296
843.66685 1.17617
843.04237 1.17826
842.41811 1.18035
841.79548 1.18264
841.17307 1.18494
840.55228 1.18826
839.9324 1.19298
839.31274 1.19769
838.69469 1.20148
838.07755 1.20513
837.46062 1.20779
836.84529 1.20822
836.23087 1.20865
835.61666 1.20959
835.00404 1.21071
834.39232 1.21259
833.7808 1.21845
833.17087 1.22431
832.56183 1.22796
831.95298 1.22995
831.34572 1.23194
830.73935 1.23565
830.13317 1.23941
829.52856 1.24337
828.92415 1.24769
828.3213 1.25201
827.71933 1.25595
827.11754 1.25974
826.51732 1.26344
825.91797 1.26635
825.3188 1.26926
824.72118 1.27233
824.12443 1.27558
823.52786 1.27882
822.93283 1.28146
822.33867 1.28399
821.74468 1.28656
821.15222 1.28942
820.56062 1.29228
819.9692 1.29488
819.3793 1.29722
818.78958 1.29957
818.20138 1.30244
817.61402 1.30544
817.02684 1.30838
816.44117 1.31099
815.85633 1.31359
815.27167 1.31638
814.68851 1.31942
814.10618 1.32246
813.52402 1.32512
812.94336 1.32764
812.36352 1.33016
811.78385 1.333
811.20567 1.33584
810.62831 1.33861
810.05111 1.34118
809.4754 1.34376
808.90049 1.34649
808.32576 1.34937
807.75249 1.35226
807.17938 1.35483
806.60773 1.3573
806.03689 1.35978
805.46622 1.36256
804.89699 1.36534
804.32857 1.36805
803.76031 1.37054
803.1935 1.37302
802.62748 1.37567
802.06162 1.37853
801.4972 1.38139
800.93357 1.38396
800.37009 1.38638
799.80805 1.38879
799.24679 1.39148
798.68568 1.39423
798.126 1.39696
797.56647 1.39924
797.00835 1.40152
796.45101 1.40384
795.89382 1.40636
795.33805 1.40888
794.78304 1.4113
794.22818 1.41355
793.67473 1.41579
793.12205 1.41818
792.5695 1.42071
792.01836 1.42325
791.46798 1.42562
790.91773 1.42788
790.36888 1.43015
789.82079 1.4325
789.27284 1.43488
788.72626 1.43726
788.18045 1.43938
787.63476 1.44146
787.09046 1.44353
786.54628 1.44583
786.00348 1.44815
785.46142 1.45044
784.9195 1.4524
784.37894 1.45435
783.83912 1.45633
783.29943 1.45845
782.7611 1.46058
782.2235 1.46265
781.68603 1.46451
781.14992 1.46636
780.61453 1.46827
780.07927 1.47037
779.54535 1.47247
779.01217 1.47448
778.4791 1.47627
777.94737 1.47807
777.41576 1.47994
776.88548 1.48197
776.35593 1.48401
775.82649 1.48595
775.29837 1.48772
774.77098 1.48949
774.2437 1.49131
773.71774 1.49326
773.19249 1.49521
772.66736 1.49707
772.14353 1.49874
771.62042 1.50041
771.09742 1.50214
770.57572 1.50398
770.05473 1.50583
769.53385 1.50758
769.01426 1.50911
768.49538 1.51063
767.9766 1.51224
767.45912 1.51411
766.94174 1.51599
766.42565 1.5178
765.91025 1.51936
765.39496 1.52092
764.88095 1.52251
764.36763 1.52429
763.85441 1.52607
763.34246 1.52784
762.8312 1.52942
762.32004 1.531
761.81015 1.53258
761.30094 1.53433
760.79183 1.5361
760.28398 1.53786
759.77681 1.53931
759.26973 1.54069
758.76391 1.54207
758.25819 1.54361
757.75371 1.54523
757.24991 1.54684
756.7462 1.54829
756.24374 1.54962
755.74194 1.55094
755.24023 1.55239
754.73977 1.554
754.23996 1.55561
753.74025 1.55713
753.24176 1.55837
752.74394 1.55961
752.24621 1.56087
751.7497 1.56233
751.25384 1.5638
750.75808 1.56526
750.26353 1.5665
749.76963 1.56772
749.27582 1.56894
748.78323 1.57047
748.29072 1.57212
747.79941 1.57377
747.30875 1.57518
746.81818 1.57635
746.32881 1.57751
745.84008 1.57867
745.35143 1.57984
744.86398 1.581
744.37716 1.58215
743.89043 1.58313
743.40488 1.58412
742.91997 1.5851
742.43514 1.5861
741.9515 1.58711
741.46848 1.58811
740.98554 1.58905
740.50378 1.58992
740.0221 1.5908
739.54159 1.59173
739.0617 1.59286
738.58189 1.59399
738.10325 1.59512
737.62523 1.59604
737.14728 1.59694
736.6705 1.59785
736.19433 1.5988
735.71824 1.59977
735.2433 1.60074
734.76897 1.60163
734.29472 1.60232
733.82162 1.60301
733.34912 1.6037
732.8767 1.60466
732.40542 1.60564
731.93475 1.60662
731.46415 1.60745
730.99469 1.60818
730.52529 1.60892
730.05703 1.60967
729.58937 1.61049
729.12178 1.6113
728.65532 1.61212
728.18945 1.61258
727.72365 1.61298
727.25898 1.61338
726.79489 1.61392
726.33087 1.61465
725.86797 1.61538
725.40566 1.6161
724.94342 1.61678
724.48228 1.61747
724.02174 1.61815
723.56125 1.61889
723.10188 1.61967
722.64256 1.62044
722.18435 1.62122
721.72672 1.62199
721.26915 1.62276
720.81267 1.62353
720.35678 1.62418
719.90094 1.62478
719.4462 1.62539
718.99203 1.62589
718.53792 1.62605
718.0849 1.62621
717.63244 1.62638
717.18005 1.62669
716.72874 1.62706
716.27799 1.62742
715.8273 1.62775
715.37769 1.62798
714.92864 1.62822
714.47964 1.62845
714.03172 1.62858
713.58385 1.62867
713.13705 1.62876
712.69081 1.62885
712.24462 1.62896
711.7995 1.62907
711.35493 1.62918
710.91041 1.62958
710.46695 1.63013
710.02405 1.63069
709.58119 1.63122
709.13939 1.63134
708.69814 1.63147
708.25693 1.6316
707.81677 1.63186
707.37717 1.63226
706.9376 1.63266
706.49909 1.63306
706.06061 1.63311
705.62318 1.63312
705.18629 1.63313
704.74945 1.63319
704.31364 1.63337
703.87837 1.63355
703.44314 1.63373
703.00895 1.63381
702.57529 1.63384
702.14167 1.63387
701.70908 1.63391
701.27703 1.63396
700.84501 1.63402
700.41401 1.63408
699.98355 1.63416
699.55313 1.63427
699.12372 1.63438
698.69484 1.6345
698.266 1.63488
697.83817 1.63541
697.41038 1.63595
696.98359 1.63648
696.55734 1.63655
696.13111 1.63662
695.70589 1.63668
695.2812 1.63682
694.85653 1.6372
694.43287 1.63758
694.00972 1.63797
693.58661 1.63816
693.1645 1.63819
692.74289 1.63821
692.32133 1.63823
691.90075 1.63806
691.48068 1.63784
691.06065 1.63761
690.6416 1.63739
690.22258 1.63701
689.80455 1.63664
689.38702 1.63627
688.96953 1.63599
688.55301 1.63605
688.137 1.6361
687.72102 1.63615
687.30601 1.63609
686.8915 1.63586
686.47702 1.63564
686.06351 1.63542
685.6505 1.63539
685.23752 1.63549
684.8255 1.63558
684.41398 1.63567
684.00248 1.63548
683.59195 1.6352
683.18191 1.63492
682.77189 1.63464
682.36283 1.63448
681.9538 1.63432
681.54572 1.63417
681.13813 1.634
680.73056 1.63348
680.32394 1.63296
679.91781 1.63244
679.5117 1.63198
679.10654 1.63186
678.70186 1.63173
678.2972 1.6316
677.89349 1.63149
677.49025 1.63142
677.08704 1.63134
676.68476 1.63127
676.28296 1.63123
675.88118 1.63128
675.48033 1.63132
675.07951 1.63136
674.67961 1.63125
674.28019 1.63089
673.88079 1.63054
673.48231 1.63019
673.0843 1.63001
672.68631 1.63007
672.28925 1.63013
671.89265 1.6302
671.49607 1.63019
671.1004 1.63011
670.70521 1.63003
670.31003 1.62995
669.91576 1.6298
669.52195 1.62956
669.12817 1.62932
668.73529 1.62908
668.34287 1.62886
667.95047 1.62867
667.55897 1.62848
667.16749 1.62828
666.77691 1.62813
666.38678 1.62803
665.99667 1.62793
665.60746 1.62783
665.21871 1.6277
664.82996 1.62752
664.44211 1.62733
664.05472 1.62715
663.66733 1.62693
663.28084 1.62665
662.8948 1.62636
662.50876 1.62608
662.12362 1.62574
661.73892 1.62518
661.35423 1.62462
660.97042 1.62407
660.58663 1.62353
660.20371 1.62339
659.82124 1.62325
659.43878 1.6231
659.05719 1.62296
658.67605 1.6225
658.29491 1.62202
657.91465 1.62153
657.53482 1.62105
657.15501 1.6205
656.77606 1.61994
656.39755 1.61937
656.01904 1.6188
655.6414 1.61818
655.2642 1.61752
654.887 1.61685
654.51066 1.61619
654.13475 1.61567
653.75885 1.61534
653.38381 1.61502
653.00877 1.6147
652.63459 1.61435
652.26083 1.6139
651.88708 1.61345
651.51418 1.613
651.14171 1.61255
650.76924 1.61231
650.39762 1.61208
650.02642 1.61185
649.65523 1.61161
649.28488 1.61124
648.91495 1.61081
648.54502 1.61037
648.17594 1.60994
647.80727 1.60949
647.4386 1.60903
647.07078 1.60858
646.70295 1.60812
646.33595 1.60763
645.96938 1.60695
645.6028 1.60628
645.23705 1.6056
644.87172 1.60493
644.50639 1.60446
644.14188 1.60404
643.77779 1.60362
643.4137 1.6032
643.05043 1.60283
642.68757 1.60251
642.3247 1.60219
641.96266 1.60187
641.60103 1.60156
641.23939 1.60127
640.87857 1.60098
640.51815 1.60069
640.15773 1.6004
639.79813 1.59999
639.43852 1.59954
639.07973 1.5991
638.72133 1.59865
638.36293 1.59819
638.00534 1.59773
637.64815 1.59726
637.29095 1.59679
636.93456 1.59632
636.57857 1.59598
636.22257 1.59564
635.86737 1.59531
635.51257 1.59497
635.15776 1.59485
634.80375 1.59497
634.45013 1.59509
634.09651 1.59521
633.74368 1.59533
633.39085 1.59503
633.0388 1.59473
632.68715 1.59444
632.33549 1.59414
631.98461 1.59393
631.63413 1.5938
631.28364 1.59368
630.93393 1.59356
630.58461 1.59344
630.23529 1.59307
629.88674 1.59269
629.53858 1.59231
629.19041 1.59194
628.84302 1.59162
628.49601 1.59139
628.14899 1.59116
627.80275 1.59092
627.45689 1.59069
627.11101 1.59027
626.76591 1.58984
626.4208 1.5894
626.07646 1.58896
625.7325 1.58859
625.38852 1.58836
625.04532 1.58813
624.70249 1.5879
624.35964 1.58767
624.01756 1.58731
623.67586 1.58689
623.33414 1.58647
622.99318 1.58605
622.6526 1.58565
622.312 1.58556
621.97216 1.58546
621.63269 1.58536
621.29321 1.58527
620.95448 1.5851
620.61574 1.58485
620.27775 1.58459
619.94013 1.58433
619.60249 1.58408
619.2656 1.58384
618.92908 1.58361
618.59254 1.58338
618.25675 1.58315
617.92133 1.58291
617.58588 1.58267
617.25118 1.58242
616.91685 1.58218
616.58249 1.58193
616.24888 1.58165
615.91563 1.58129
615.58236 1.58093
615.24983 1.58057
614.91766 1.58021
614.58547 1.57969
614.25401 1.57904
613.92254 1.57839
613.59179 1.57774
613.26141 1.57709
612.93101 1.5768
612.60133 1.5766
612.27201 1.57641
611.94267 1.57621
611.61406 1.57601
611.2858 1.57557
610.95752 1.57513
610.62997 1.57468
610.30277 1.57424
609.97554 1.57383
609.64904 1.57358
609.32288 1.57333
608.99671 1.57308
608.67125 1.57284
608.34577 1.5725
608.02101 1.57199
607.6966 1.57147
607.37216 1.57095
607.04844 1.57043
606.72506 1.57009
606.40166 1.56998
606.07897 1.56986
605.75663 1.56975
605.43426 1.56963
605.1126 1.56946
604.79128 1.56924
604.46993 1.56902
604.1493 1.5688
603.829 1.56858
603.50868 1.5684
603.18906 1.56824
602.86978 1.56807
602.55048 1.56791
602.23187 1.56775
601.91324 1.56742
601.59531 1.56701
601.27772 1.5666
600.96009 1.56619
600.64317 1.56578
600.32658 1.56555
600.00996 1.5654
599.69404 1.56525
599.37844 1.56511
599.06283 1.56496
598.7479 1.56475
598.4333 1.56452
598.11868 1.56428
597.80474 1.56404
597.49113 1.56381
597.1775 1.56369
596.86455 1.56363
596.55157 1.56357
596.23928 1.56352
595.92731 1.56346
595.61532 1.56332
595.304 1.56312
594.99301 1.56293
594.682 1.56273
594.37166 1.56254
594.06164 1.56245
593.7516 1.56247
593.44223 1.56248
593.13318 1.5625
592.8241 1.56251
592.5157 1.56243
592.20761 1.5622
591.8995 1.56197
591.59206 1.56175
591.28493 1.56152
590.97778 1.56131
590.67129 1.56117
590.36477 1.56102
590.05892 1.56088
589.75339 1.56073
589.44782 1.56058
589.14292 1.5604
588.83833 1.56022
588.53372 1.56004
588.22976 1.55986
587.92611 1.55968
587.62244 1.55978
587.31942 1.55991
587.01672 1.56004
586.71398 1.56018
586.4119 1.56031
586.11013 1.56022
585.80832 1.56004
585.50718 1.55986
585.20599 1.55968
584.90546 1.5595
584.60524 1.55935
584.30498 1.55925
584.00538 1.55914
583.70608 1.55904
583.40675 1.55894
583.10806 1.55882
582.80968 1.5586
582.51126 1.55839
582.21349 1.55818
581.91603 1.55797
581.61853 1.55776
581.32167 1.55766
581.02511 1.55758
580.72852 1.55751
580.43257 1.55743
580.13692 1.55736
579.84124 1.55713
579.54619 1.55678
579.25111 1.55643
578.95666 1.55607
578.66251 1.55572
578.36833 1.55541
578.07478 1.55532
577.78153 1.55522
577.48824 1.55513
577.19558 1.55504
576.90322 1.55495
576.61082 1.55478
576.31905 1.55459
576.02758 1.5544
575.73606 1.55421
575.44518 1.55403
575.15459 1.55387
574.86396 1.5538
574.57395 1.55372
574.28391 1.55365
573.99449 1.55357
573.70536 1.5535
573.4162 1.55326
573.12765 1.55301
572.83939 1.55275
572.5511 1.5525
572.26342 1.55225
571.97603 1.55207
571.68861 1.552
571.4018 1.55194
571.11527 1.55187
570.82871 1.55181
570.54276 1.55174
570.2571 1.5516
569.9714 1.55145
569.68631 1.5513
569.4015 1.55114
569.11666 1.55099
568.83242 1.55088
568.54814 1.55084
568.26447 1.55081
567.98109 1.55077
567.69766 1.55073
567.41484 1.55069
567.1323 1.55049
566.84972 1.55025
566.56774 1.55
566.28605 1.54975
566.00431 1.54951
565.72317 1.54929
565.44231 1.54925
565.16142 1.5492
564.88112 1.54916
564.60109 1.54912
564.32103 1.54907
564.04156 1.54898
563.76205 1.54884
563.48314 1.54869
563.2045 1.54855
562.92582 1.54841
562.64773 1.54827
562.36992 1.54826
562.09206 1.54826
561.8148 1.54827
561.5378 1.54827
561.26077 1.54828
560.98433 1.54828
560.70815 1.54827
560.43194 1.54827
560.15631 1.54826
559.88095 1.54826
559.60555 1.54825
559.33073 1.54836
559.05618 1.54864
558.78159 1.54891
558.50758 1.54918
558.23353 1.54946
557.96005 1.54973
557.68685 1.5497
557.4136 1.5495
557.14093 1.5493
556.86853 1.5491
556.59608 1.5489
556.32421 1.5487
556.0526 1.5487
555.78096 1.54875
555.50988 1.54879
555.23907 1.54883
554.96821 1.54888
554.69793 1.54892
554.42791 1.5488
554.15785 1.54869
553.88835 1.54857
553.61881 1.54846
553.34984 1.54834
553.08113 1.54825
552.81238 1.54827
552.54419 1.54829
552.27626 1.54832
552.00829 1.54834
551.74088 1.54836
551.47373 1.54834
551.20654 1.54822
550.9399 1.5481
550.67353 1.54798
550.40711 1.54786
550.14125 1.54774
549.87565 1.54775
549.61 1.54805
549.34491 1.54835
549.08007 1.54865
548.81519 1.54895
548.55087 1.54925
548.2865 1.54944
548.02268 1.5494
547.75912 1.54937
547.49551 1.54934
547.23245 1.54931
546.96965 1.54927
546.7068 1.54934
546.4445 1.54958
546.18246 1.54983
545.92036 1.55007
545.65882 1.55031
545.39753 1.55056
545.13619 1.55045
544.87539 1.5496
544.61485 1.54875
544.35426 1.54791
544.09421 1.54706
543.83412 1.54621
543.57457 1.54548
543.31527 1.5451
543.05592 1.54472
542.79711 1.54434
542.53855 1.54396
542.27994 1.54359
542.02187 1.54326
541.76405 1.54323
541.50618 1.54319
541.24885 1.54316
540.99176 1.54313
540.73462 1.5431
540.47802 1.54307
540.22166 1.54315
539.96526 1.54323
539.70939 1.54331
539.45376 1.54339
539.19808 1.54347
538.94294 1.54355
538.68775 1.54347
538.43308 1.54336
538.17866 1.54325
537.92419 1.54315
537.67025 1.54304
537.41655 1.54293
537.1628 1.54291
536.90958 1.54295
536.6566 1.54298
536.40356 1.54302
536.15106 1.54306
535.89879 1.54309
535.64647 1.54313
535.39467 1.54318
535.14312 1.54322
534.89151 1.54327
534.64042 1.54331
534.38929 1.54336
534.13867 1.54341
533.88829 1.54353
533.63786 1.54366
533.38795 1.54378
533.13828 1.54391
532.88855 1.54403
532.63934 1.54416
532.39036 1.5443
532.14134 1.54443
531.89283 1.54457
531.64455 1.54471
531.39622 1.54485
531.1484 1.54499
530.90082 1.54513
530.65318 1.54528
530.40606 1.54543
530.15916 1.54558
529.91222 1.54573
529.66579 1.54588
529.4193 1.54603
529.17333 1.546
528.92758 1.54597
528.68178 1.54594
528.43649 1.54591
528.19143 1.54588
527.94631 1.54585
527.7017 1.54588
527.45732 1.54596
527.21288 1.54604
526.96895 1.54612
526.72525 1.5462
526.48149 1.54628
526.23824 1.54636
525.99521 1.54637
525.75213 1.54638
525.50955 1.54639
525.26691 1.5464
525.02478 1.5464
524.78287 1.54641
524.54091 1.54681
524.29944 1.54755
524.0582 1.54829
523.81691 1.54903
523.57611 1.54977
523.33553 1.55051
523.0949 1.55125
522.85477 1.55155
522.61485 1.55184
522.37488 1.55214
522.13541 1.55243
521.89615 1.55272
521.65684 1.55301
521.41803 1.55324
521.17943 1.55335
520.94078 1.55346
520.70262 1.55358
520.4644 1.55369
520.22667 1.5538
519.98916 1.55392
519.7516 1.55398
519.51452 1.55403
519.27766 1.55408
519.04075 1.55412
518.80432 1.55417
518.56811 1.55422
518.33184 1.55428
518.09606 1.55451
517.86049 1.55475
517.62487 1.55499
517.38973 1.55522
517.1548 1.55546
516.91982 1.55569
516.68532 1.55593
516.45076 1.55618
516.21669 1.55643
515.98283 1.55668
515.74891 1.55693
515.51547 1.55718
515.28224 1.55743
515.04896 1.55768
514.81615 1.55793
514.58356 1.55819
514.3509 1.55844
514.11873 1.55869
513.88676 1.55894
513.65474 1.55919
513.42319 1.55929
513.19185 1.55934
512.96046 1.55939
512.72954 1.55944
512.49882 1.55949
512.26805 1.55954
512.03775 1.55959
511.8074 1.55976
511.57751 1.55993
511.34783 1.56009
511.1181 1.56026
510.88883 1.56043
510.65977 1.5606
510.43065 1.56076
510.202 1.56066
509.97355 1.56056
509.74505 1.56047
509.51701 1.56037
509.28918 1.56027
509.06129 1.56017
508.83386 1.56006
508.60664 1.55986
508.37936 1.55966
508.15255 1.55946
507.92567 1.55925
507.69926 1.55905
507.47305 1.55885
507.24678 1.55862
507.02097 1.55828
506.79537 1.55793
506.5697 1.55758
506.3445 1.55724
506.11949 1.55689
505.89443 1.55654
505.66982 1.55625
505.44542 1.55627
505.22095 1.55629
504.99694 1.55631
504.77313 1.55633
504.54927 1.55635
504.32586 1.55637
504.10264 1.55639
503.87937 1.55638
503.65655 1.55637
503.43367 1.55636
503.21124 1.55635
502.98901 1.55634
502.76673 1.55633
502.54489 1.55632
502.32325 1.55618
502.10155 1.55605
501.88029 1.55592
501.65924 1.55578
501.43812 1.55565
501.21746 1.55551
500.99698 1.55538
500.77645 1.55482
500.55637 1.55417
500.33648 1.55352
500.11653 1.55287
