MiePlot v4.6.21

Date & Time: 10/7/2024 4:58:48 PM 

Calculation Method:         Mie (plane wave)

Graph type: Intensity v. wavelength (Watts/sq. m.)
   Incident power density: 1 Watts/sq. m.
   Measurement distance: 1 m.

Uniform steps
 1 	 1 	 0 	 0.0140845 
 2 	 1.0625 	 0 	 1.478873E-02 
 3 	 1.125 	 0 	 1.549295E-02 
 4 	 1.1875 	 0 	 1.619718E-02 
 5 	 1.25 	 0 	 1.690141E-02 
 6 	 1.3125 	 0 	 1.760563E-02 
 7 	 1.375 	 0 	 1.830986E-02 
 8 	 1.4375 	 0 	 1.901408E-02 
 9 	 1.5 	 0 	 1.971831E-02 
 10 	 1.5625 	 0 	 2.042253E-02 
 11 	 1.625 	 0 	 2.112676E-02 
 12 	 1.6875 	 0 	 2.183098E-02 
 13 	 1.75 	 0 	 2.253521E-02 
 14 	 1.8125 	 0 	 2.323943E-02 
 15 	 1.875 	 0 	 2.394366E-02 
 16 	 1.9375 	 0 	 2.464788E-02 
 17 	 2 	 0 	 2.535211E-02 
 18 	 2.0625 	 0 	 2.552816E-02 
 19 	 2.125 	 0 	 2.570422E-02 
 20 	 2.1875 	 0 	 2.588028E-02 
 21 	 2.25 	 0 	 2.605633E-02 
 22 	 2.3125 	 0 	 2.623239E-02 
 23 	 2.375 	 0 	 2.640845E-02 
 24 	 2.4375 	 0 	 0.0265845 
 25 	 2.5 	 0 	 2.676056E-02 
 26 	 2.5625 	 0 	 2.693661E-02 
 27 	 2.625 	 0 	 2.711267E-02 
 28 	 2.6875 	 0 	 2.728873E-02 
 29 	 2.75 	 0 	 2.746478E-02 
 30 	 2.8125 	 0 	 2.764084E-02 
 31 	 2.875 	 0 	 0.0278169 
 32 	 2.9375 	 0 	 2.799295E-02 
 33 	 3 	 0 	 2.816901E-02 
 34 	 3.0625 	 0 	 0.0265845 
 35 	 3.125 	 0 	 2.499999E-02 
 36 	 3.1875 	 0 	 2.341549E-02 
 37 	 3.25 	 0 	 2.183098E-02 
 38 	 3.3125 	 0 	 2.024647E-02 
 39 	 3.375 	 0 	 1.866197E-02 
 40 	 3.4375 	 0 	 1.707746E-02 
 41 	 3.5 	 0 	 1.549295E-02 
 42 	 3.5625 	 0 	 1.390845E-02 
 43 	 3.625 	 0 	 1.232394E-02 
 44 	 3.6875 	 0 	 1.073943E-02 
 45 	 3.75 	 0 	 9.154928E-03 
 46 	 3.8125 	 0 	 7.570421E-03 
 47 	 3.875 	 0 	 5.985914E-03 
 48 	 3.9375 	 0 	 4.401408E-03 
 49 	 4 	 0 	 2.816901E-03 

Radius: 1.5 um

Scattering angle = 19

Wavelength (nm)	RI (Real + Imag)		Medium RI	Perpendicular	Parallel	Unpolarised
 1200 	 0 	 0 	 0 	 1.69171372434996E-17 	 1.62228496171191E-17 	 1.65699934303094E-17 
 1210 	 0 	 0 	 0 	 1.69733039061669E-17 	 1.62586042737204E-17 	 1.66159540899437E-17 
 1220 	 0 	 0 	 0 	 1.70188253237214E-17 	 1.62808705024042E-17 	 1.66498479130628E-17 
 1230 	 0 	 0 	 0 	 1.70693561561096E-17 	 1.63255800224268E-17 	 1.66974680892682E-17 
 1240 	 0 	 0 	 0 	 1.71015475968781E-17 	 1.63663622027264E-17 	 1.67339548998022E-17 
 1250 	 0 	 0 	 0 	 1.71440558651782E-17 	 1.64134357114161E-17 	 1.67787457882971E-17 
 1260 	 0 	 0 	 0 	 1.71919165290647E-17 	 1.64718079701457E-17 	 1.68318622496052E-17 
 1270 	 0 	 0 	 0 	 1.72159401742616E-17 	 1.64822495191942E-17 	 1.68490948467279E-17 
 1280 	 0 	 0 	 0 	 1.72916619094439E-17 	 1.65555998418116E-17 	 1.69236308756277E-17 
 1290 	 0 	 0 	 0 	 1.72601191415594E-17 	 1.65691854028559E-17 	 1.69146522722077E-17 
 1300 	 0 	 0 	 0 	 1.73549058254486E-17 	 1.66787112499635E-17 	 1.7016808537706E-17 
 1310 	 0 	 0 	 0 	 1.72885939295234E-17 	 1.67141517390186E-17 	 1.7001372834271E-17 
 1320 	 0 	 0 	 0 	 1.74680995047163E-17 	 1.68316768191108E-17 	 1.71498881619136E-17 
 1330 	 0 	 0 	 0 	 1.73870499055223E-17 	 1.68735719002788E-17 	 1.71303109029006E-17 
 1340 	 0 	 0 	 0 	 1.7582099175192E-17 	 1.69715432654307E-17 	 1.72768212203113E-17 
 1350 	 0 	 0 	 0 	 1.7533968669799E-17 	 1.70756946388956E-17 	 1.73048316543473E-17 
 1360 	 0 	 0 	 0 	 1.76771734627517E-17 	 1.72034639874939E-17 	 1.74403187251228E-17 
 1370 	 0 	 0 	 0 	 1.76959646365612E-17 	 1.73566865356218E-17 	 1.75263255860915E-17 
 1380 	 0 	 0 	 0 	 1.78541081816271E-17 	 1.75186630232062E-17 	 1.76863856024166E-17 
 1390 	 0 	 0 	 0 	 1.79929766479632E-17 	 1.7671207203459E-17 	 1.78320919257111E-17 
 1400 	 0 	 0 	 0 	 1.80976673012257E-17 	 1.7838555864422E-17 	 1.79681115828238E-17 
 1410 	 0 	 0 	 0 	 1.83150789661098E-17 	 1.80400027305282E-17 	 1.8177540848319E-17 
 1420 	 0 	 0 	 0 	 1.83984604238339E-17 	 1.82461868250834E-17 	 1.83223236244587E-17 
 1430 	 0 	 0 	 0 	 1.86158009628773E-17 	 1.84929383053844E-17 	 1.85543696341308E-17 
 1440 	 0 	 0 	 0 	 1.87844311390316E-17 	 1.8752653996265E-17 	 1.87685425676483E-17 
 1450 	 0 	 0 	 0 	 1.90098170025492E-17 	 1.89968891365233E-17 	 1.90033530695362E-17 
 1460 	 0 	 0 	 0 	 1.92395975809324E-17 	 1.92452053196479E-17 	 1.92424014502902E-17 
 1470 	 0 	 0 	 0 	 1.94562179508463E-17 	 1.94860969462269E-17 	 1.94711574485366E-17 
 1480 	 0 	 0 	 0 	 1.96533622815029E-17 	 1.97106434819559E-17 	 1.96820028817294E-17 
 1490 	 0 	 0 	 0 	 1.98187963725163E-17 	 1.99296957874988E-17 	 1.98742460800075E-17 
 1500 	 0 	 0 	 0 	 2.00350682880806E-17 	 2.01793367666781E-17 	 2.01072025273793E-17 
 1510 	 0 	 0 	 0 	 2.02917854447214E-17 	 2.04920067422032E-17 	 2.03918960934623E-17 
 1520 	 0 	 0 	 0 	 2.05927125064351E-17 	 2.08316790518096E-17 	 2.07121957791223E-17 
 1530 	 0 	 0 	 0 	 2.09142509664487E-17 	 2.11699300594459E-17 	 2.10420905129473E-17 
 1540 	 0 	 0 	 0 	 2.12287722864327E-17 	 2.15093546600089E-17 	 2.13690634732208E-17 
 1550 	 0 	 0 	 0 	 2.15452150222707E-17 	 2.1849940075091E-17 	 2.16975775486808E-17 
 1560 	 0 	 0 	 0 	 2.18580554116622E-17 	 2.2190517794843E-17 	 2.20242866032526E-17 
 1570 	 0 	 0 	 0 	 2.21794298106241E-17 	 2.2544472820522E-17 	 2.2361951315573E-17 
 1580 	 0 	 0 	 0 	 2.25262145308155E-17 	 2.29261055611714E-17 	 2.27261600459934E-17 
 1590 	 0 	 0 	 0 	 2.28699923450469E-17 	 2.33101103463697E-17 	 2.30900513457083E-17 
 1600 	 0 	 0 	 0 	 2.32107248421981E-17 	 2.36885336898275E-17 	 2.34496292660128E-17 
 1610 	 0 	 0 	 0 	 2.35413511754464E-17 	 2.40551598168601E-17 	 2.37982554961533E-17 
 1620 	 0 	 0 	 0 	 2.38502103042644E-17 	 2.44010183038901E-17 	 2.41256143040772E-17 
 1630 	 0 	 0 	 0 	 2.41342177636513E-17 	 2.47236373961859E-17 	 2.44289275799186E-17 
 1640 	 0 	 0 	 0 	 2.43941411587373E-17 	 2.50225392019791E-17 	 2.47083401803582E-17 
 1650 	 0 	 0 	 0 	 2.46422004098367E-17 	 2.53097384842157E-17 	 2.49759694470262E-17 
 1660 	 0 	 0 	 0 	 2.49256252339249E-17 	 2.56349275765097E-17 	 2.52802764052173E-17 
 1670 	 0 	 0 	 0 	 2.52208119209412E-17 	 2.59753642555567E-17 	 2.55980880882489E-17 
 1680 	 0 	 0 	 0 	 2.5495791900591E-17 	 2.62987850287191E-17 	 2.5897288464655E-17 
 1690 	 0 	 0 	 0 	 2.57529311740955E-17 	 2.66070646087027E-17 	 2.61799978913991E-17 
 1700 	 0 	 0 	 0 	 2.599490395318E-17 	 2.69032778119884E-17 	 2.64490908825842E-17 
 1710 	 0 	 0 	 0 	 2.62213215926426E-17 	 2.71856992684943E-17 	 2.67035104305685E-17 
 1720 	 0 	 0 	 0 	 2.64342772930927E-17 	 2.74564914500478E-17 	 2.69453843715702E-17 
 1730 	 0 	 0 	 0 	 2.6633883634547E-17 	 2.77176397493795E-17 	 2.71757616919633E-17 
 1740 	 0 	 0 	 0 	 2.68234021844967E-17 	 2.79706442912362E-17 	 2.73970232378664E-17 
 1750 	 0 	 0 	 0 	 2.70024200592247E-17 	 2.82158096747136E-17 	 2.76091148669692E-17 
 1760 	 0 	 0 	 0 	 2.71656193743445E-17 	 2.84490979183004E-17 	 2.78073586463224E-17 
 1770 	 0 	 0 	 0 	 2.73178041030843E-17 	 2.86717117069601E-17 	 2.79947579050222E-17 
 1780 	 0 	 0 	 0 	 2.74612033953086E-17 	 2.88876576416284E-17 	 2.81744305184685E-17 
 1790 	 0 	 0 	 0 	 2.75951021382387E-17 	 2.9098434590661E-17 	 2.83467683644498E-17 
 1800 	 0 	 0 	 0 	 2.77246548018731E-17 	 2.93052539886118E-17 	 2.85149543952425E-17 
 1810 	 0 	 0 	 0 	 2.78469458312207E-17 	 2.95068218936019E-17 	 2.86768838624113E-17 
 1820 	 0 	 0 	 0 	 2.79579003193781E-17 	 2.9701438483643E-17 	 2.88296694015105E-17 
 1830 	 0 	 0 	 0 	 2.8063787615305E-17 	 2.98913742795871E-17 	 2.89775809474461E-17 
 1840 	 0 	 0 	 0 	 2.81651691624509E-17 	 3.00780686224721E-17 	 2.91216188924615E-17 
 1850 	 0 	 0 	 0 	 2.82605642973237E-17 	 3.02623996332706E-17 	 2.92614819652972E-17 
 1860 	 0 	 0 	 0 	 2.83531748754283E-17 	 3.04444699754272E-17 	 2.93988224254277E-17 
 1870 	 0 	 0 	 0 	 2.84414850905839E-17 	 3.06224756140661E-17 	 2.9531980352325E-17 
 1880 	 0 	 0 	 0 	 2.85225107061925E-17 	 3.07940169675037E-17 	 2.96582638368481E-17 
 1890 	 0 	 0 	 0 	 2.85956783764109E-17 	 3.09555614905153E-17 	 2.97756199334631E-17 
 1900 	 0 	 0 	 0 	 2.86581746806389E-17 	 3.11037077384194E-17 	 2.98809412095292E-17 
 1910 	 0 	 0 	 0 	 2.87054548741701E-17 	 3.12356211250872E-17 	 2.99705379996287E-17 
 1920 	 0 	 0 	 0 	 2.87360719160251E-17 	 3.13498216723934E-17 	 3.00429467942092E-17 
 1930 	 0 	 0 	 0 	 2.87522391535948E-17 	 3.14485267044294E-17 	 3.01003829290121E-17 
 1940 	 0 	 0 	 0 	 2.87572626889906E-17 	 3.15355015527429E-17 	 3.01463821208667E-17 
 1950 	 0 	 0 	 0 	 2.87562703575216E-17 	 3.16153271079814E-17 	 3.01857987327515E-17 
 1960 	 0 	 0 	 0 	 2.87556600361707E-17 	 3.16941780433267E-17 	 3.02249190397487E-17 
 1970 	 0 	 0 	 0 	 2.87610743476386E-17 	 3.17777027326235E-17 	 3.02693885401311E-17 
 1980 	 0 	 0 	 0 	 2.87807837742765E-17 	 3.1874005520335E-17 	 3.03273946473058E-17 
 1990 	 0 	 0 	 0 	 2.88235160338258E-17 	 3.19916767263752E-17 	 3.04075963801005E-17 
 2000 	 0 	 0 	 0 	 2.88977572196885E-17 	 3.21393044303001E-17 	 3.05185308249943E-17 
 2010 	 0 	 0 	 0 	 2.90065421532095E-17 	 3.23195957335502E-17 	 3.06630689433799E-17 
 2020 	 0 	 0 	 0 	 2.91460712001966E-17 	 3.252832261098E-17 	 3.08371969055883E-17 
 2030 	 0 	 0 	 0 	 2.93070863980071E-17 	 3.27561061202468E-17 	 3.1031596259127E-17 
 2040 	 0 	 0 	 0 	 2.94818420323208E-17 	 3.29956509653365E-17 	 3.12387464988286E-17 
 2050 	 0 	 0 	 0 	 2.96679362689429E-17 	 3.32454143971352E-17 	 3.1456675333039E-17 
 2060 	 0 	 0 	 0 	 2.98707105880954E-17 	 3.35121763298879E-17 	 3.16914434589917E-17 
 2070 	 0 	 0 	 0 	 3.00982645488063E-17 	 3.38056026375978E-17 	 3.19519335932021E-17 
 2080 	 0 	 0 	 0 	 3.03574953286608E-17 	 3.41337481177831E-17 	 3.22456217232219E-17 
 2090 	 0 	 0 	 0 	 3.06481292342493E-17 	 3.44963415868015E-17 	 3.25722354105254E-17 
 2100 	 0 	 0 	 0 	 3.09619829085356E-17 	 3.48838064420602E-17 	 3.29228946752979E-17 
 2110 	 0 	 0 	 0 	 3.12863803856763E-17 	 3.52809175356817E-17 	 3.3283648960679E-17 
 2120 	 0 	 0 	 0 	 3.16106888650966E-17 	 3.56742127182737E-17 	 3.36424507916851E-17 
 2130 	 0 	 0 	 0 	 3.19302738252096E-17 	 3.6056728543537E-17 	 3.39935011843733E-17 
 2140 	 0 	 0 	 0 	 3.22458858620902E-17 	 3.64276456238806E-17 	 3.43367657429854E-17 
 2150 	 0 	 0 	 0 	 3.25603821267184E-17 	 3.67890592305632E-17 	 3.46747206786408E-17 
 2160 	 0 	 0 	 0 	 3.28775676511286E-17 	 3.71450393478527E-17 	 3.50113034994906E-17 
 2170 	 0 	 0 	 0 	 3.31989400837177E-17 	 3.7497900829547E-17 	 3.53484204566324E-17 
 2180 	 0 	 0 	 0 	 3.35250445478723E-17 	 3.78493006762077E-17 	 3.568717261204E-17 
 2190 	 0 	 0 	 0 	 3.38559440454784E-17 	 3.82003732246452E-17 	 3.60281586350618E-17 
 2200 	 0 	 0 	 0 	 3.41909375076508E-17 	 3.85511744551547E-17 	 3.63710559814028E-17 
 2210 	 0 	 0 	 0 	 3.45292672102414E-17 	 3.89014132826286E-17 	 3.6715340246435E-17 
 2220 	 0 	 0 	 0 	 3.48705036904032E-17 	 3.92509358845777E-17 	 3.70607197874905E-17 
 2230 	 0 	 0 	 0 	 3.52139984075893E-17 	 3.95991314689793E-17 	 3.74065649382843E-17 
 2240 	 0 	 0 	 0 	 3.55585693738169E-17 	 3.99445935781968E-17 	 3.77515814760068E-17 
 2250 	 0 	 0 	 0 	 3.5904187231759E-17 	 4.02871124010525E-17 	 3.80956498164057E-17 
 2260 	 0 	 0 	 0 	 3.62506181805949E-17 	 4.06260636834146E-17 	 3.84383409320047E-17 
 2270 	 0 	 0 	 0 	 3.65982305904208E-17 	 4.09613960436583E-17 	 3.87798133170396E-17 
 2280 	 0 	 0 	 0 	 3.69473531113102E-17 	 4.12929676157697E-17 	 3.91201603635399E-17 
 2290 	 0 	 0 	 0 	 3.72981709617678E-17 	 4.16205375542324E-17 	 3.94593542580001E-17 
 2300 	 0 	 0 	 0 	 3.76508743853772E-17 	 4.19440086344691E-17 	 3.97974415099231E-17 
 2310 	 0 	 0 	 0 	 3.80038159741773E-17 	 4.22614501593081E-17 	 4.01326330667427E-17 
 2320 	 0 	 0 	 0 	 3.83552280576582E-17 	 4.25711397266448E-17 	 4.04631838921515E-17 
 2330 	 0 	 0 	 0 	 3.87036809773918E-17 	 4.2872095266041E-17 	 4.07878881217164E-17 
 2340 	 0 	 0 	 0 	 3.90497101477081E-17 	 4.31655613930964E-17 	 4.11076357704023E-17 
 2350 	 0 	 0 	 0 	 3.93943361544425E-17 	 4.34533737011872E-17 	 4.14238549278149E-17 
 2360 	 0 	 0 	 0 	 3.97398590090225E-17 	 4.37385474077632E-17 	 4.17392032083929E-17 
 2370 	 0 	 0 	 0 	 4.00870610960238E-17 	 4.40222499265954E-17 	 4.20546555113096E-17 
 2380 	 0 	 0 	 0 	 4.04350757237418E-17 	 4.43035470748243E-17 	 4.2369311399283E-17 
 2390 	 0 	 0 	 0 	 4.07815003459072E-17 	 4.45797657760416E-17 	 4.26806330609744E-17 
 2400 	 0 	 0 	 0 	 4.11224387003648E-17 	 4.48465291829373E-17 	 4.29844839416511E-17 
 2410 	 0 	 0 	 0 	 4.14534157409862E-17 	 4.50988761708385E-17 	 4.32761459559124E-17 
 2420 	 0 	 0 	 0 	 4.17720163377791E-17 	 4.53342924937429E-17 	 4.3553154415761E-17 
 2430 	 0 	 0 	 0 	 4.20752893718636E-17 	 4.55497130530716E-17 	 4.38125012124676E-17 
 2440 	 0 	 0 	 0 	 4.23643304996895E-17 	 4.5746423022301E-17 	 4.40553767609952E-17 
 2450 	 0 	 0 	 0 	 4.26385627632063E-17 	 4.59238909725962E-17 	 4.42812268679012E-17 
 2460 	 0 	 0 	 0 	 4.28971316335474E-17 	 4.6081193699233E-17 	 4.44891626663902E-17 
 2470 	 0 	 0 	 0 	 4.31395401112E-17 	 4.62177991656472E-17 	 4.46786696384236E-17 
 2480 	 0 	 0 	 0 	 4.33640135652367E-17 	 4.63319534484713E-17 	 4.4847983506854E-17 
 2490 	 0 	 0 	 0 	 4.3568953946492E-17 	 4.64220559344793E-17 	 4.49955049404857E-17 
 2500 	 0 	 0 	 0 	 4.37524620817226E-17 	 4.64863554636409E-17 	 4.51194087726817E-17 
 2510 	 0 	 0 	 0 	 4.39126510217022E-17 	 4.65231879388527E-17 	 4.52179194802774E-17 
 2520 	 0 	 0 	 0 	 4.40472080633968E-17 	 4.65303492943452E-17 	 4.5288778678871E-17 
 2530 	 0 	 0 	 0 	 4.4153947704869E-17 	 4.65059700951919E-17 	 4.53299589000304E-17 
 2540 	 0 	 0 	 0 	 4.42299185801642E-17 	 4.6447204212534E-17 	 4.53385613963491E-17 
 2550 	 0 	 0 	 0 	 4.42715677363139E-17 	 4.63506540232889E-17 	 4.53111108798014E-17 
 2560 	 0 	 0 	 0 	 4.42737294085604E-17 	 4.62111735148911E-17 	 4.52424514617258E-17 
 2570 	 0 	 0 	 0 	 4.42321376475229E-17 	 4.60247346822669E-17 	 4.51284361648949E-17 
 2580 	 0 	 0 	 0 	 4.41414187087466E-17 	 4.57860019836836E-17 	 4.49637103462151E-17 
 2590 	 0 	 0 	 0 	 4.3995850452613E-17 	 4.54895322009495E-17 	 4.47426913267813E-17 
 2600 	 0 	 0 	 0 	 4.3791890128148E-17 	 4.51320865073045E-17 	 4.44619883177263E-17 
 2610 	 0 	 0 	 0 	 4.3525044264954E-17 	 4.47094487222236E-17 	 4.41172464935888E-17 
 2620 	 0 	 0 	 0 	 4.31865389797097E-17 	 4.42126573323158E-17 	 4.36995981560127E-17 
 2630 	 0 	 0 	 0 	 4.27716547312536E-17 	 4.36374541455206E-17 	 4.32045544383871E-17 
 2640 	 0 	 0 	 0 	 4.22705890066376E-17 	 4.29742043006697E-17 	 4.26223966536537E-17 
 2650 	 0 	 0 	 0 	 4.16692515640878E-17 	 4.22089342638085E-17 	 4.19390929139482E-17 
 2660 	 0 	 0 	 0 	 4.09554272983974E-17 	 4.13301156320007E-17 	 4.1142771465199E-17 
 2670 	 0 	 0 	 0 	 4.01126670075107E-17 	 4.03220799688369E-17 	 4.02173734881738E-17 
 2680 	 0 	 0 	 0 	 3.91380366253239E-17 	 3.9183949389673E-17 	 3.91609930074985E-17 
 2690 	 0 	 0 	 0 	 3.80120946700154E-17 	 3.78974762223589E-17 	 3.79547854461872E-17 
 2700 	 0 	 0 	 0 	 3.67221953970582E-17 	 3.64520438774376E-17 	 3.65871196372479E-17 
 2710 	 0 	 0 	 0 	 3.52445398293418E-17 	 3.4825806405489E-17 	 3.50351731174154E-17 
 2720 	 0 	 0 	 0 	 3.35619453220968E-17 	 3.3004540124513E-17 	 3.32832427233049E-17 
 2730 	 0 	 0 	 0 	 3.16757839505944E-17 	 3.0993565232949E-17 	 3.13346745917717E-17 
 2740 	 0 	 0 	 0 	 2.95955813062531E-17 	 2.88062371100344E-17 	 2.92009092081437E-17 
 2750 	 0 	 0 	 0 	 2.73177988587931E-17 	 2.64422139547053E-17 	 2.68800064067492E-17 
 2760 	 0 	 0 	 0 	 2.48141342698638E-17 	 2.3876678304773E-17 	 2.43454062873184E-17 
 2770 	 0 	 0 	 0 	 2.20820904039661E-17 	 2.11117953982786E-17 	 2.15969429011223E-17 
 2780 	 0 	 0 	 0 	 1.91665552623526E-17 	 1.81970300153538E-17 	 1.86817926388532E-17 
 2790 	 0 	 0 	 0 	 1.61375806832446E-17 	 1.52053068530265E-17 	 1.56714437681355E-17 
 2800 	 0 	 0 	 0 	 1.30816086588457E-17 	 1.22233385157294E-17 	 1.26524735872876E-17 
 2810 	 0 	 0 	 0 	 1.0126654123542E-17 	 9.37483204572295E-18 	 9.75074308463249E-18 
 2820 	 0 	 0 	 0 	 7.43555135773773E-18 	 6.811586297337E-18 	 7.12356882753737E-18 
 2830 	 0 	 0 	 0 	 5.35679222219433E-18 	 4.84874136551845E-18 	 5.10276679385639E-18 
 2840 	 0 	 0 	 0 	 4.08478598021764E-18 	 3.65072399969766E-18 	 3.86775498995765E-18 
 2850 	 0 	 0 	 0 	 3.63788579932955E-18 	 3.20722912983392E-18 	 3.42255746458174E-18 
 2860 	 0 	 0 	 0 	 3.93937157165073E-18 	 3.4235339348062E-18 	 3.68145275322847E-18 
 2870 	 0 	 0 	 0 	 4.81516322907762E-18 	 4.12308354132066E-18 	 4.46912338519914E-18 
 2880 	 0 	 0 	 0 	 6.06239470484124E-18 	 5.11347867713055E-18 	 5.5879366909859E-18 
 2890 	 0 	 0 	 0 	 7.49671153394359E-18 	 6.22870016447922E-18 	 6.8627058492114E-18 
 2900 	 0 	 0 	 0 	 8.974645066556E-18 	 7.34649505287347E-18 	 8.16057005971473E-18 
 2910 	 0 	 0 	 0 	 1.04060302952864E-17 	 8.3949080253076E-18 	 9.40046916029702E-18 
 2920 	 0 	 0 	 0 	 1.18149152893131E-17 	 9.39118643167516E-18 	 1.06030508604941E-17 
 2930 	 0 	 0 	 0 	 1.29992953244816E-17 	 1.02054804131643E-17 	 1.16023878688229E-17 
 2940 	 0 	 0 	 0 	 1.39738642417926E-17 	 1.08596810199707E-17 	 1.24167726308817E-17 
 2950 	 0 	 0 	 0 	 1.47874130707147E-17 	 1.13990565637177E-17 	 1.30932348172162E-17 
 2960 	 0 	 0 	 0 	 1.54459620253732E-17 	 1.18397551183983E-17 	 1.36428585718857E-17 
 2970 	 0 	 0 	 0 	 1.59521919930817E-17 	 1.2189076149757E-17 	 1.40706340714193E-17 
 2980 	 0 	 0 	 0 	 1.63313079927082E-17 	 1.24575956322728E-17 	 1.43944518124905E-17 
 2990 	 0 	 0 	 0 	 1.66395956214705E-17 	 1.26679320775183E-17 	 1.46537638494944E-17 
 3000 	 0 	 0 	 0 	 1.69409012049691E-17 	 1.28486799069775E-17 	 1.48947905559733E-17 
 3010 	 0 	 0 	 0 	 1.73051629153139E-17 	 1.30380250271213E-17 	 1.51715939712176E-17 
 3020 	 0 	 0 	 0 	 1.77750622219332E-17 	 1.32627501695482E-17 	 1.55189061957407E-17 
 3030 	 0 	 0 	 0 	 1.83369746331959E-17 	 1.351929369178E-17 	 1.59281341624879E-17 
 3040 	 0 	 0 	 0 	 1.89622116663707E-17 	 1.37882397960988E-17 	 1.63752257312347E-17 
 3050 	 0 	 0 	 0 	 1.96598459707194E-17 	 1.40624297748252E-17 	 1.68611378727723E-17 
 3060 	 0 	 0 	 0 	 2.04680466734395E-17 	 1.43439187099527E-17 	 1.74059826916961E-17 
 3070 	 0 	 0 	 0 	 2.14408290377613E-17 	 1.46352288042117E-17 	 1.80380289209865E-17 
 3080 	 0 	 0 	 0 	 2.25737087097775E-17 	 1.49251779488234E-17 	 1.87494433293005E-17 
 3090 	 0 	 0 	 0 	 2.36832153128722E-17 	 1.5219426099381E-17 	 1.94513207061266E-17 
 3100 	 0 	 0 	 0 	 2.42537406876066E-17 	 1.56276441227883E-17 	 1.99406924051975E-17 
 3110 	 0 	 0 	 0 	 2.4009861506793E-17 	 1.62020782475418E-17 	 2.01059698771674E-17 
 3120 	 0 	 0 	 0 	 2.35095705749497E-17 	 1.67433902231596E-17 	 2.01264803990546E-17 
 3130 	 0 	 0 	 0 	 2.3130234788295E-17 	 1.71559726903362E-17 	 2.01431037393156E-17 
 3140 	 0 	 0 	 0 	 2.29043346873137E-17 	 1.74612002833379E-17 	 2.01827674853258E-17 
 3150 	 0 	 0 	 0 	 2.28012953765812E-17 	 1.76919222585079E-17 	 2.02466088175446E-17 
 3160 	 0 	 0 	 0 	 2.27880919597809E-17 	 1.78884316668939E-17 	 2.03382618133374E-17 
 3170 	 0 	 0 	 0 	 2.28154258398221E-17 	 1.80986931875902E-17 	 2.04570595137062E-17 
 3180 	 0 	 0 	 0 	 2.28226293799968E-17 	 1.83621974845644E-17 	 2.05924134322806E-17 
 3190 	 0 	 0 	 0 	 2.27474753993965E-17 	 1.86960689439659E-17 	 2.07217721716812E-17 
 3200 	 0 	 0 	 0 	 2.25802743905383E-17 	 1.9086047035899E-17 	 2.08331607132187E-17 
 3210 	 0 	 0 	 0 	 2.2342471856204E-17 	 1.9509345423132E-17 	 2.0925908639668E-17 
 3220 	 0 	 0 	 0 	 2.20876124397434E-17 	 1.99386317920333E-17 	 2.10131221158883E-17 
 3230 	 0 	 0 	 0 	 2.1882412477257E-17 	 2.03622827814541E-17 	 2.11223476293555E-17 
 3240 	 0 	 0 	 0 	 2.18030820141861E-17 	 2.0792452858624E-17 	 2.1297767436405E-17 
 3250 	 0 	 0 	 0 	 2.18839517867443E-17 	 2.12262764334942E-17 	 2.15551141101193E-17 
 3260 	 0 	 0 	 0 	 2.2048133637484E-17 	 2.15923556065075E-17 	 2.18202446219957E-17 
 3270 	 0 	 0 	 0 	 2.21688893345602E-17 	 2.1802812945069E-17 	 2.19858511398146E-17 
 3280 	 0 	 0 	 0 	 2.21606836709808E-17 	 2.18269843208142E-17 	 2.19938339958975E-17 
 3290 	 0 	 0 	 0 	 2.20183867720024E-17 	 2.17222978665796E-17 	 2.1870342319291E-17 
 3300 	 0 	 0 	 0 	 2.18095973631836E-17 	 2.16084821681819E-17 	 2.17090397656828E-17 
 3310 	 0 	 0 	 0 	 2.16454534459657E-17 	 2.16167663802427E-17 	 2.16311099131042E-17 
 3320 	 0 	 0 	 0 	 2.16208139355414E-17 	 2.18301574663526E-17 	 2.1725485700947E-17 
 3330 	 0 	 0 	 0 	 2.17961095072454E-17 	 2.22896108231567E-17 	 2.20428601652011E-17 
 3340 	 0 	 0 	 0 	 2.21912147654463E-17 	 2.29981651935647E-17 	 2.25946899795055E-17 
 3350 	 0 	 0 	 0 	 2.28107250413179E-17 	 2.39536810277475E-17 	 2.33822030345327E-17 
 3360 	 0 	 0 	 0 	 2.36389101674182E-17 	 2.51432092895131E-17 	 2.43910597284656E-17 
 3370 	 0 	 0 	 0 	 2.46764600011287E-17 	 2.65659515404595E-17 	 2.56212057707941E-17 
 3380 	 0 	 0 	 0 	 2.58564540581328E-17 	 2.81191272636655E-17 	 2.69877906608992E-17 
 3390 	 0 	 0 	 0 	 2.70920351590744E-17 	 2.96849720117333E-17 	 2.83885035854038E-17 
 3400 	 0 	 0 	 0 	 2.83566598701747E-17 	 3.12349045248165E-17 	 2.97957821974956E-17 
 3410 	 0 	 0 	 0 	 2.97441369023592E-17 	 3.28960353571497E-17 	 3.13200861297545E-17 
 3420 	 0 	 0 	 0 	 3.11608284669295E-17 	 3.45464857918736E-17 	 3.28536571294016E-17 
 3430 	 0 	 0 	 0 	 3.26186766161755E-17 	 3.62036048990769E-17 	 3.44111407576262E-17 
 3440 	 0 	 0 	 0 	 3.40577235546271E-17 	 3.78036659421346E-17 	 3.59306947483808E-17 
 3450 	 0 	 0 	 0 	 3.5481591306854E-17 	 3.93548253991206E-17 	 3.74182083529873E-17 
 3460 	 0 	 0 	 0 	 3.68705319414206E-17 	 4.08433136599603E-17 	 3.88569228006905E-17 
 3470 	 0 	 0 	 0 	 3.81970233299081E-17 	 4.22408805636744E-17 	 4.02189519467912E-17 
 3480 	 0 	 0 	 0 	 3.94544521807639E-17 	 4.35497706869164E-17 	 4.15021114338402E-17 
 3490 	 0 	 0 	 0 	 4.05933390705623E-17 	 4.47089406744888E-17 	 4.26511398725255E-17 
 3500 	 0 	 0 	 0 	 4.16703379918594E-17 	 4.57991426685593E-17 	 4.37347403302094E-17 
 3510 	 0 	 0 	 0 	 4.26936041376213E-17 	 4.68198009336418E-17 	 4.47567025356316E-17 
 3520 	 0 	 0 	 0 	 4.36190702778086E-17 	 4.77297548220472E-17 	 4.56744125499279E-17 
 3530 	 0 	 0 	 0 	 4.45274813591576E-17 	 4.86125977558189E-17 	 4.65700395574883E-17 
 3540 	 0 	 0 	 0 	 4.53958792101498E-17 	 4.94505659664928E-17 	 4.74232225883213E-17 
 3550 	 0 	 0 	 0 	 4.62330274234165E-17 	 5.02486282192432E-17 	 4.82408278213299E-17 
 3560 	 0 	 0 	 0 	 4.69680716708227E-17 	 5.09266871199828E-17 	 4.89473793954027E-17 
 3570 	 0 	 0 	 0 	 4.77130190165399E-17 	 5.1613090146081E-17 	 4.96630545813105E-17 
 3580 	 0 	 0 	 0 	 4.83581383757189E-17 	 5.21842900464104E-17 	 5.02712142110646E-17 
 3590 	 0 	 0 	 0 	 4.89725818622146E-17 	 5.27206746884891E-17 	 5.08466282753519E-17 
 3600 	 0 	 0 	 0 	 4.95599468835989E-17 	 5.32283073901273E-17 	 5.13941271368631E-17 
 3610 	 0 	 0 	 0 	 5.00530164304484E-17 	 5.36300173943598E-17 	 5.18415169124041E-17 
 3620 	 0 	 0 	 0 	 5.0557112393069E-17 	 5.40438453535585E-17 	 5.23004788733137E-17 
 3630 	 0 	 0 	 0 	 5.0978720375239E-17 	 5.43700532230775E-17 	 5.26743867991582E-17 
 3640 	 0 	 0 	 0 	 5.13681401698868E-17 	 5.46629844051877E-17 	 5.30155622875372E-17 
 3650 	 0 	 0 	 0 	 5.17186589792797E-17 	 5.49162311753445E-17 	 5.33174450773121E-17 
 3660 	 0 	 0 	 0 	 5.20278851251022E-17 	 5.51279112185642E-17 	 5.35778981718332E-17 
 3670 	 0 	 0 	 0 	 5.23155495815777E-17 	 5.53208711224948E-17 	 5.38182103520363E-17 
 3680 	 0 	 0 	 0 	 5.25167336968875E-17 	 5.5422805424387E-17 	 5.39697695606372E-17 
 3690 	 0 	 0 	 0 	 5.27585840924518E-17 	 5.55771934635084E-17 	 5.41678887779801E-17 
 3700 	 0 	 0 	 0 	 5.29257345810616E-17 	 5.56493988557829E-17 	 5.42875667184223E-17 
 3710 	 0 	 0 	 0 	 5.30327426020344E-17 	 5.56634458030057E-17 	 5.43480942025201E-17 
 3720 	 0 	 0 	 0 	 5.31663500148271E-17 	 5.57132017484497E-17 	 5.44397758816384E-17 
 3730 	 0 	 0 	 0 	 5.32926074447203E-17 	 5.57535768883939E-17 	 5.45230921665571E-17 
 3740 	 0 	 0 	 0 	 5.32861384455209E-17 	 5.56526062501526E-17 	 5.44693723478367E-17 
 3750 	 0 	 0 	 0 	 5.32940647933048E-17 	 5.55759695171307E-17 	 5.44350171552178E-17 
 3760 	 0 	 0 	 0 	 5.33344631094501E-17 	 5.5538030651106E-17 	 5.4436246880278E-17 
 3770 	 0 	 0 	 0 	 5.33100833052989E-17 	 5.54284259349586E-17 	 5.43692546201288E-17 
 3780 	 0 	 0 	 0 	 5.32636553626923E-17 	 5.53012580733444E-17 	 5.42824567180184E-17 
 3790 	 0 	 0 	 0 	 5.32262136362311E-17 	 5.51868512638753E-17 	 5.42065324500532E-17 
 3800 	 0 	 0 	 0 	 5.3169771139947E-17 	 5.50524076056917E-17 	 5.41110893728193E-17 
 3810 	 0 	 0 	 0 	 5.30960292827227E-17 	 5.49026622464557E-17 	 5.39993457645892E-17 
 3820 	 0 	 0 	 0 	 5.30102706898246E-17 	 5.47424377094289E-17 	 5.38763541996267E-17 
 3830 	 0 	 0 	 0 	 5.29410449926172E-17 	 5.46016131775183E-17 	 5.37713290850678E-17 
 3840 	 0 	 0 	 0 	 5.28165041236349E-17 	 5.44023445705947E-17 	 5.36094243471148E-17 
 3850 	 0 	 0 	 0 	 5.27125168734196E-17 	 5.42288393040537E-17 	 5.34706780887366E-17 
 3860 	 0 	 0 	 0 	 5.26067436128295E-17 	 5.40548229551847E-17 	 5.33307832840071E-17 
 3870 	 0 	 0 	 0 	 5.24817063795099E-17 	 5.38623439545405E-17 	 5.31720251670252E-17 
 3880 	 0 	 0 	 0 	 5.23652920459974E-17 	 5.36796478092765E-17 	 5.30224699276369E-17 
 3890 	 0 	 0 	 0 	 5.22394694023035E-17 	 5.34897892354833E-17 	 5.28646293188934E-17 
 3900 	 0 	 0 	 0 	 5.20829243163786E-17 	 5.32677647234945E-17 	 5.26753445199366E-17 
 3910 	 0 	 0 	 0 	 5.19547141551172E-17 	 5.30788158665553E-17 	 5.25167650108362E-17 
 3920 	 0 	 0 	 0 	 5.18188796887574E-17 	 5.2882734779535E-17 	 5.23508072341462E-17 
 3930 	 0 	 0 	 0 	 5.16737222605406E-17 	 5.26778699886031E-17 	 5.21757961245718E-17 
 3940 	 0 	 0 	 0 	 5.15149031974909E-17 	 5.24600292319958E-17 	 5.19874662147433E-17 
 3950 	 0 	 0 	 0 	 5.13498951410057E-17 	 5.2237731411473E-17 	 5.17938132762393E-17 
 3960 	 0 	 0 	 0 	 5.11860928312296E-17 	 5.20181182434938E-17 	 5.16021055373617E-17 
 3970 	 0 	 0 	 0 	 5.10301042358963E-17 	 5.18089058878431E-17 	 5.14195050618697E-17 
 3980 	 0 	 0 	 0 	 5.08680363602422E-17 	 5.15935471133672E-17 	 5.12307917368047E-17 
 3990 	 0 	 0 	 0 	 5.06838852893237E-17 	 5.13565827519688E-17 	 5.10202340206462E-17 
 4000 	 0 	 0 	 0 	 5.05028341796892E-17 	 5.11249950755149E-17 	 5.08139146276021E-17 
 4010 	 0 	 0 	 0 	 5.03102656639759E-17 	 5.08828324338914E-17 	 5.05965490489336E-17 
 4020 	 0 	 0 	 0 	 5.0137767415026E-17 	 5.06639448767039E-17 	 5.0400856145865E-17 
 4030 	 0 	 0 	 0 	 4.99505363430895E-17 	 5.04303638274738E-17 	 5.01904500852817E-17 
 4040 	 0 	 0 	 0 	 4.97653572154147E-17 	 5.02002348757991E-17 	 4.99827960456069E-17 
 4050 	 0 	 0 	 0 	 4.95938870446817E-17 	 4.99863027934519E-17 	 4.97900949190668E-17 
 4060 	 0 	 0 	 0 	 4.93913597201819E-17 	 4.97399840333465E-17 	 4.95656718767642E-17 
 4070 	 0 	 0 	 0 	 4.91832667913329E-17 	 4.94892814823116E-17 	 4.93362741368223E-17 
 4080 	 0 	 0 	 0 	 4.897047854373E-17 	 4.92351591487228E-17 	 4.91028188462264E-17 
 4090 	 0 	 0 	 0 	 4.87546233436604E-17 	 4.89797252873726E-17 	 4.88671743155165E-17 
 4100 	 0 	 0 	 0 	 4.85370382898187E-17 	 4.87236662554894E-17 	 4.86303522726541E-17 
 4110 	 0 	 0 	 0 	 4.83186881079593E-17 	 4.84681483546589E-17 	 4.83934182313091E-17 
 4120 	 0 	 0 	 0 	 4.81001415235264E-17 	 4.82137172265041E-17 	 4.81569293750153E-17 
 4130 	 0 	 0 	 0 	 4.78812231141375E-17 	 4.79600907117433E-17 	 4.79206569129404E-17 
 4140 	 0 	 0 	 0 	 4.76621602457653E-17 	 4.77074638500046E-17 	 4.7684812047885E-17 
 4150 	 0 	 0 	 0 	 4.7443081487803E-17 	 4.74558975132532E-17 	 4.74494895005281E-17 
 4160 	 0 	 0 	 0 	 4.72242718458245E-17 	 4.72056455450471E-17 	 4.72149586954358E-17 
 4170 	 0 	 0 	 0 	 4.70057170051982E-17 	 4.69566252087267E-17 	 4.69811711069624E-17 
 4180 	 0 	 0 	 0 	 4.6787560339641E-17 	 4.67089440598498E-17 	 4.67482521997454E-17 
 4190 	 0 	 0 	 0 	 4.65700330515677E-17 	 4.64628056495659E-17 	 4.65164193505668E-17 
 4200 	 0 	 0 	 0 	 4.63531644514927E-17 	 4.62181880190822E-17 	 4.62856762352875E-17 
 4210 	 0 	 0 	 0 	 4.61372407358254E-17 	 4.59753583173513E-17 	 4.60562995265883E-17 
 4220 	 0 	 0 	 0 	 4.59222654557248E-17 	 4.57342767358392E-17 	 4.5828271095782E-17 
 4230 	 0 	 0 	 0 	 4.57082633764627E-17 	 4.54949311807956E-17 	 4.56015972786292E-17 
 4240 	 0 	 0 	 0 	 4.5495630002112E-17 	 4.52577163943323E-17 	 4.53766731982221E-17 
 4250 	 0 	 0 	 0 	 4.52842719642582E-17 	 4.5022497910906E-17 	 4.51533849375821E-17 
 4260 	 0 	 0 	 0 	 4.50744289189961E-17 	 4.47895056169521E-17 	 4.49319672679741E-17 
 4270 	 0 	 0 	 0 	 4.48660313366044E-17 	 4.45586334827074E-17 	 4.47123324096559E-17 
 4280 	 0 	 0 	 0 	 4.46594513513488E-17 	 4.43302550230181E-17 	 4.44948531871834E-17 
 4290 	 0 	 0 	 0 	 4.44545906862381E-17 	 4.41042379262609E-17 	 4.42794143062495E-17 
 4300 	 0 	 0 	 0 	 4.42514111540596E-17 	 4.38805076877324E-17 	 4.4065959420896E-17 
 4310 	 0 	 0 	 0 	 4.404971519325E-17 	 4.36587993565391E-17 	 4.38542572748946E-17 
 4320 	 0 	 0 	 0 	 4.38410858638747E-17 	 4.34301890556619E-17 	 4.36356374597683E-17 
 4330 	 0 	 0 	 0 	 4.36294380185783E-17 	 4.31990558918026E-17 	 4.34142469551904E-17 
 4340 	 0 	 0 	 0 	 4.34227687426694E-17 	 4.29737842391175E-17 	 4.31982764908935E-17 
 4350 	 0 	 0 	 0 	 4.32150050190751E-17 	 4.274787658724E-17 	 4.29814408031576E-17 
 4360 	 0 	 0 	 0 	 4.30089508349155E-17 	 4.25250120992915E-17 	 4.27669814671035E-17 
 4370 	 0 	 0 	 0 	 4.28078770600125E-17 	 4.23088033639993E-17 	 4.25583402120059E-17 
 4380 	 0 	 0 	 0 	 4.26305645381678E-17 	 4.21176584561111E-17 	 4.23741114971395E-17 
 4390 	 0 	 0 	 0 	 4.24749308513274E-17 	 4.19505081474691E-17 	 4.22127194993982E-17 
 4400 	 0 	 0 	 0 	 4.23341932910473E-17 	 4.1799400208196E-17 	 4.20667967496217E-17 
 4410 	 0 	 0 	 0 	 4.21974932847686E-17 	 4.16532239646464E-17 	 4.19253586247075E-17 
 4420 	 0 	 0 	 0 	 4.20998465809103E-17 	 4.15483103314995E-17 	 4.18240784562049E-17 
 4430 	 0 	 0 	 0 	 4.20288298678038E-17 	 4.14718607361332E-17 	 4.17503453019685E-17 
 4440 	 0 	 0 	 0 	 4.1992690647507E-17 	 4.14321875896119E-17 	 4.17124391185594E-17 
 4450 	 0 	 0 	 0 	 4.19467107933355E-17 	 4.13823577325319E-17 	 4.16645342629337E-17 
 4460 	 0 	 0 	 0 	 4.19401835983001E-17 	 4.13736743635407E-17 	 4.16569289809204E-17 
 4470 	 0 	 0 	 0 	 4.19474496867465E-17 	 4.1379445959392E-17 	 4.16634478230692E-17 
 4480 	 0 	 0 	 0 	 4.1977874996596E-17 	 4.14096049378372E-17 	 4.16937399672166E-17 
 4490 	 0 	 0 	 0 	 4.20099381202914E-17 	 4.1440947552694E-17 	 4.17254428364927E-17 
 4500 	 0 	 0 	 0 	 4.2070175101039E-17 	 4.15016349943841E-17 	 4.17859050477116E-17 
 4510 	 0 	 0 	 0 	 4.21464164801775E-17 	 4.15785824419337E-17 	 4.18624994610556E-17 
 4520 	 0 	 0 	 0 	 4.22316404865257E-17 	 4.16645244303685E-17 	 4.19480824584471E-17 
 4530 	 0 	 0 	 0 	 4.23436529418582E-17 	 4.17777805189317E-17 	 4.20607167303949E-17 
 4540 	 0 	 0 	 0 	 4.24559421559578E-17 	 4.18911877024469E-17 	 4.21735649292023E-17 
 4550 	 0 	 0 	 0 	 4.25636655420415E-17 	 4.19989668486418E-17 	 4.22813161953417E-17 
 4560 	 0 	 0 	 0 	 4.26783814763822E-17 	 4.21132474928086E-17 	 4.23958144845954E-17 
 4570 	 0 	 0 	 0 	 4.2788594785259E-17 	 4.22224220115134E-17 	 4.25055083983862E-17 
 4580 	 0 	 0 	 0 	 4.2889886808944E-17 	 4.23210242475068E-17 	 4.26054555282254E-17 
 4590 	 0 	 0 	 0 	 4.301289230711E-17 	 4.24419020404763E-17 	 4.27273971737931E-17 
 4600 	 0 	 0 	 0 	 4.31061988004262E-17 	 4.25313599395432E-17 	 4.28187793699847E-17 
 4610 	 0 	 0 	 0 	 4.32160625698731E-17 	 4.26375287241821E-17 	 4.29267956470276E-17 
 4620 	 0 	 0 	 0 	 4.3313164885491E-17 	 4.27301333156152E-17 	 4.30216491005531E-17 
 4630 	 0 	 0 	 0 	 4.33776370500379E-17 	 4.27881380096229E-17 	 4.30828875298304E-17 
 4640 	 0 	 0 	 0 	 4.34577179074636E-17 	 4.28619541710318E-17 	 4.31598360392477E-17 
 4650 	 0 	 0 	 0 	 4.3506021758378E-17 	 4.29023622034306E-17 	 4.32041919809043E-17 
 4660 	 0 	 0 	 0 	 4.35521918440199E-17 	 4.29402225071052E-17 	 4.32462071755626E-17 
 4670 	 0 	 0 	 0 	 4.36003061671484E-17 	 4.29804082097516E-17 	 4.329035718845E-17 
 4680 	 0 	 0 	 0 	 4.36233285182805E-17 	 4.29944140702983E-17 	 4.33088712942894E-17 
 4690 	 0 	 0 	 0 	 4.36440274654303E-17 	 4.30059462714444E-17 	 4.33249868684374E-17 
 4700 	 0 	 0 	 0 	 4.3639882345186E-17 	 4.29916566815696E-17 	 4.33157695133778E-17 
 4710 	 0 	 0 	 0 	 4.36261690794952E-17 	 4.29676428971013E-17 	 4.32969059882983E-17 
 4720 	 0 	 0 	 0 	 4.36001966767914E-17 	 4.29311035225762E-17 	 4.32656500996838E-17 
 4730 	 0 	 0 	 0 	 4.35847990452831E-17 	 4.29058981909427E-17 	 4.32453486181129E-17 
 4740 	 0 	 0 	 0 	 4.35299889899949E-17 	 4.28401585712808E-17 	 4.31850737806379E-17 
 4750 	 0 	 0 	 0 	 4.34861641249969E-17 	 4.27860417687302E-17 	 4.31361029468635E-17 
 4760 	 0 	 0 	 0 	 4.34138975938403E-17 	 4.27029723125288E-17 	 4.30584349531846E-17 
 4770 	 0 	 0 	 0 	 4.33489220488025E-17 	 4.26273913555069E-17 	 4.29881567021547E-17 
 4780 	 0 	 0 	 0 	 4.32712607324678E-17 	 4.25393749241123E-17 	 4.29053178282901E-17 
 4790 	 0 	 0 	 0 	 4.31897644718337E-17 	 4.24475608181685E-17 	 4.28186626450011E-17 
 4800 	 0 	 0 	 0 	 4.30784468937725E-17 	 4.23254923223248E-17 	 4.27019696080487E-17 
 4810 	 0 	 0 	 0 	 4.29740223446556E-17 	 4.22106002384002E-17 	 4.25923112915279E-17 
 4820 	 0 	 0 	 0 	 4.2863295815207E-17 	 4.20897639956524E-17 	 4.24765299054297E-17 
 4830 	 0 	 0 	 0 	 4.27576051542989E-17 	 4.19743053089837E-17 	 4.23659552316413E-17 
 4840 	 0 	 0 	 0 	 4.26214971280269E-17 	 4.18280279383511E-17 	 4.2224762533189E-17 
 4850 	 0 	 0 	 0 	 4.24795515271158E-17 	 4.16755625500749E-17 	 4.20775570385954E-17 
 4860 	 0 	 0 	 0 	 4.23363123812766E-17 	 4.15222998386078E-17 	 4.19293061099422E-17 
 4870 	 0 	 0 	 0 	 4.22057661522777E-17 	 4.13824602531676E-17 	 4.17941132027227E-17 
 4880 	 0 	 0 	 0 	 4.20387748253679E-17 	 4.12053215328057E-17 	 4.16220481790868E-17 
 4890 	 0 	 0 	 0 	 4.18786484076197E-17 	 4.10353721987187E-17 	 4.14570103031692E-17 
 4900 	 0 	 0 	 0 	 4.17073152340554E-17 	 4.08539186401245E-17 	 4.128061693709E-17 
 4910 	 0 	 0 	 0 	 4.15306196760954E-17 	 4.06674016097983E-17 	 4.10990106429468E-17 
 4920 	 0 	 0 	 0 	 4.13509681135553E-17 	 4.04782198582081E-17 	 4.09145939858817E-17 
 4930 	 0 	 0 	 0 	 4.11620445383626E-17 	 4.0279466421795E-17 	 4.07207554800788E-17 
 4940 	 0 	 0 	 0 	 4.09711488558886E-17 	 4.00787967087967E-17 	 4.05249727823426E-17 
 4950 	 0 	 0 	 0 	 4.07847178224475E-17 	 3.98829005447155E-17 	 4.03338091835815E-17 
 4960 	 0 	 0 	 0 	 4.05660993030206E-17 	 3.96541640527211E-17 	 4.01101316778708E-17 
 4970 	 0 	 0 	 0 	 4.03471365508793E-17 	 3.9425219763585E-17 	 3.98861781572322E-17 
 4980 	 0 	 0 	 0 	 4.01258771302926E-17 	 3.91940894398169E-17 	 3.96599832850548E-17 
 4990 	 0 	 0 	 0 	 3.99156319087337E-17 	 3.89743727263865E-17 	 3.94450023175601E-17 
 5000 	 0 	 0 	 0 	 3.96865006833998E-17 	 3.87354266218688E-17 	 3.92109636526343E-17 
 5010 	 0 	 0 	 0 	 3.9436966616074E-17 	 3.84756998094141E-17 	 3.8956333212744E-17 
******************************************

