Title: The refractive index of amorphous and crystalline water ice in the UV-vis 
Authors: Kofman V., He J., ten Kate I.L., Linnartz H. 
Table: Specific refraction, R(lambda), and refractive index, n(lambda) over 
    the studied temperature and wavelength range
================================================================================
Byte-by-byte Description of file: apjab0d89t2_mrt.txt
--------------------------------------------------------------------------------
   Bytes Format Units   Label    Explanations
--------------------------------------------------------------------------------
   1-  5 F5.1   nm      lambda   wavelength, nm
   7- 12 F6.4   ---     Rl       specific refraction, R(lambda)
  14- 19 F6.4   ---   e_Rl       Uncertainty in Rl
  21- 26 F6.4   ---     nl-10K   refractive index, n(lambda), at 10 K
  28- 33 F6.4   ---     nl-30K   refractive index, n(lambda), at 30 K
  35- 40 F6.4   ---     nl-50K   refractive index, n(lambda), at 50 K
  42- 47 F6.4   ---     nl-70K   refractive index, n(lambda), at 70 K
  49- 54 F6.4   ---     nl-90K   refractive index, n(lambda), at 90 K
  56- 61 F6.4   ---     nl-110K  refractive index, n(lambda), at 110 K
  63- 68 F6.4   ---     nl-130K  refractive index, n(lambda), at 130 K
  70- 75 F6.4   ---     nl-150K  refractive index, n(lambda), at 150 K
--------------------------------------------------------------------------------
210.8 0.2527 0.0057 1.2328 1.2549 1.2772 1.2998 1.3228 1.3462 1.3699 1.3838 
211.4 0.2523 0.0056 1.2325 1.2544 1.2767 1.2994 1.3223 1.3456 1.3692 1.3832 
211.9 0.2519 0.0056 1.2321 1.2541 1.2763 1.2989 1.3218 1.3450 1.3686 1.3826 
212.5 0.2516 0.0055 1.2317 1.2537 1.2759 1.2984 1.3213 1.3445 1.3681 1.3819 
213.1 0.2512 0.0054 1.2314 1.2533 1.2755 1.2979 1.3208 1.3439 1.3675 1.3813 
213.6 0.2508 0.0054 1.2310 1.2529 1.2750 1.2975 1.3203 1.3434 1.3669 1.3807 
214.2 0.2505 0.0053 1.2307 1.2525 1.2746 1.2970 1.3198 1.3429 1.3663 1.3801 
214.7 0.2502 0.0053 1.2304 1.2521 1.2742 1.2966 1.3193 1.3423 1.3658 1.3795 
215.3 0.2498 0.0053 1.2300 1.2518 1.2738 1.2962 1.3188 1.3418 1.3652 1.3790 
215.9 0.2495 0.0052 1.2297 1.2514 1.2734 1.2957 1.3184 1.3413 1.3646 1.3784 
216.4 0.2491 0.0052 1.2294 1.2511 1.2730 1.2953 1.3179 1.3408 1.3641 1.3778 
217.0 0.2488 0.0051 1.2291 1.2507 1.2726 1.2949 1.3174 1.3403 1.3636 1.3773 
217.6 0.2485 0.0051 1.2287 1.2503 1.2723 1.2945 1.3170 1.3398 1.3630 1.3767 
218.1 0.2482 0.0050 1.2284 1.2500 1.2719 1.2940 1.3165 1.3393 1.3625 1.3762 
218.7 0.2478 0.0050 1.2281 1.2497 1.2715 1.2936 1.3161 1.3389 1.3620 1.3756 
219.2 0.2475 0.0049 1.2278 1.2493 1.2711 1.2932 1.3156 1.3384 1.3615 1.3751 
219.8 0.2472 0.0049 1.2275 1.2490 1.2708 1.2928 1.3152 1.3379 1.3610 1.3746 
220.4 0.2469 0.0048 1.2272 1.2487 1.2704 1.2924 1.3148 1.3375 1.3605 1.3741 
220.9 0.2466 0.0048 1.2269 1.2483 1.2700 1.2920 1.3144 1.3370 1.3600 1.3735 
221.5 0.2463 0.0048 1.2266 1.2480 1.2697 1.2917 1.3139 1.3366 1.3595 1.3730 
222.1 0.2460 0.0047 1.2263 1.2477 1.2693 1.2913 1.3135 1.3361 1.3590 1.3725 
222.6 0.2457 0.0047 1.2260 1.2474 1.2690 1.2909 1.3131 1.3357 1.3586 1.3720 
223.2 0.2454 0.0046 1.2258 1.2471 1.2687 1.2905 1.3127 1.3352 1.3581 1.3715 
223.7 0.2451 0.0046 1.2255 1.2468 1.2683 1.2902 1.3123 1.3348 1.3576 1.3711 
224.3 0.2449 0.0046 1.2252 1.2465 1.2680 1.2898 1.3119 1.3344 1.3572 1.3706 
224.9 0.2446 0.0045 1.2249 1.2462 1.2677 1.2894 1.3115 1.3340 1.3567 1.3701 
225.4 0.2443 0.0045 1.2247 1.2459 1.2673 1.2891 1.3112 1.3335 1.3563 1.3696 
226.0 0.2440 0.0044 1.2244 1.2456 1.2670 1.2887 1.3108 1.3331 1.3558 1.3692 
226.5 0.2438 0.0044 1.2241 1.2453 1.2667 1.2884 1.3104 1.3327 1.3554 1.3687 
227.1 0.2435 0.0044 1.2239 1.2450 1.2664 1.2880 1.3100 1.3323 1.3549 1.3683 
227.7 0.2432 0.0043 1.2236 1.2447 1.2661 1.2877 1.3097 1.3319 1.3545 1.3678 
228.2 0.2430 0.0043 1.2234 1.2444 1.2658 1.2874 1.3093 1.3315 1.3541 1.3674 
228.8 0.2427 0.0043 1.2231 1.2441 1.2654 1.2870 1.3089 1.3311 1.3537 1.3669 
229.4 0.2425 0.0042 1.2229 1.2439 1.2651 1.2867 1.3086 1.3307 1.3533 1.3665 
229.9 0.2422 0.0042 1.2226 1.2436 1.2648 1.2864 1.3082 1.3304 1.3528 1.3661 
230.5 0.2420 0.0042 1.2224 1.2433 1.2646 1.2861 1.3079 1.3300 1.3524 1.3657 
231.0 0.2417 0.0041 1.2221 1.2431 1.2643 1.2857 1.3075 1.3296 1.3520 1.3652 
231.6 0.2415 0.0041 1.2219 1.2428 1.2640 1.2854 1.3072 1.3292 1.3516 1.3648 
232.2 0.2412 0.0041 1.2216 1.2425 1.2637 1.2851 1.3068 1.3289 1.3512 1.3644 
232.7 0.2410 0.0040 1.2214 1.2423 1.2634 1.2848 1.3065 1.3285 1.3509 1.3640 
233.3 0.2407 0.0040 1.2212 1.2420 1.2631 1.2845 1.3062 1.3282 1.3505 1.3636 
233.9 0.2405 0.0040 1.2209 1.2418 1.2628 1.2842 1.3059 1.3278 1.3501 1.3632 
234.4 0.2403 0.0039 1.2207 1.2415 1.2626 1.2839 1.3055 1.3275 1.3497 1.3628 
235.0 0.2400 0.0039 1.2205 1.2413 1.2623 1.2836 1.3052 1.3271 1.3493 1.3624 
235.5 0.2398 0.0039 1.2203 1.2410 1.2620 1.2833 1.3049 1.3268 1.3490 1.3620 
236.1 0.2396 0.0038 1.2201 1.2408 1.2618 1.2830 1.3046 1.3264 1.3486 1.3617 
236.7 0.2394 0.0038 1.2198 1.2405 1.2615 1.2827 1.3043 1.3261 1.3482 1.3613 
237.2 0.2391 0.0038 1.2196 1.2403 1.2612 1.2825 1.3040 1.3258 1.3479 1.3609 
237.8 0.2389 0.0037 1.2194 1.2401 1.2610 1.2822 1.3037 1.3254 1.3475 1.3605 
238.3 0.2387 0.0037 1.2192 1.2398 1.2607 1.2819 1.3034 1.3251 1.3472 1.3602 
238.9 0.2385 0.0037 1.2190 1.2396 1.2605 1.2816 1.3031 1.3248 1.3468 1.3598 
239.5 0.2383 0.0037 1.2188 1.2394 1.2602 1.2814 1.3028 1.3245 1.3465 1.3595 
240.0 0.2381 0.0036 1.2186 1.2392 1.2600 1.2811 1.3025 1.3242 1.3462 1.3591 
240.6 0.2378 0.0036 1.2184 1.2389 1.2597 1.2808 1.3022 1.3238 1.3458 1.3587 
241.2 0.2376 0.0036 1.2182 1.2387 1.2595 1.2806 1.3019 1.3235 1.3455 1.3584 
241.7 0.2374 0.0036 1.2180 1.2385 1.2593 1.2803 1.3016 1.3232 1.3452 1.3581 
242.3 0.2372 0.0035 1.2178 1.2383 1.2590 1.2800 1.3013 1.3229 1.3448 1.3577 
242.8 0.2370 0.0035 1.2176 1.2381 1.2588 1.2798 1.3011 1.3226 1.3445 1.3574 
243.4 0.2368 0.0035 1.2174 1.2378 1.2586 1.2795 1.3008 1.3223 1.3442 1.3570 
244.0 0.2366 0.0034 1.2172 1.2376 1.2583 1.2793 1.3005 1.3220 1.3439 1.3567 
244.5 0.2364 0.0034 1.2170 1.2374 1.2581 1.2790 1.3002 1.3217 1.3435 1.3564 
245.1 0.2362 0.0034 1.2168 1.2372 1.2579 1.2788 1.3000 1.3215 1.3432 1.3561 
245.7 0.2361 0.0034 1.2166 1.2370 1.2576 1.2785 1.2997 1.3212 1.3429 1.3557 
246.2 0.2359 0.0033 1.2164 1.2368 1.2574 1.2783 1.2994 1.3209 1.3426 1.3554 
246.8 0.2357 0.0033 1.2163 1.2366 1.2572 1.2781 1.2992 1.3206 1.3423 1.3551 
247.3 0.2355 0.0033 1.2161 1.2364 1.2570 1.2778 1.2989 1.3203 1.3420 1.3548 
247.9 0.2353 0.0033 1.2159 1.2362 1.2568 1.2776 1.2987 1.3200 1.3417 1.3545 
248.5 0.2351 0.0033 1.2157 1.2360 1.2566 1.2773 1.2984 1.3198 1.3414 1.3542 
249.0 0.2349 0.0032 1.2156 1.2358 1.2563 1.2771 1.2982 1.3195 1.3411 1.3539 
249.6 0.2348 0.0032 1.2154 1.2356 1.2561 1.2769 1.2979 1.3192 1.3409 1.3536 
250.1 0.2346 0.0032 1.2152 1.2354 1.2559 1.2767 1.2977 1.3190 1.3406 1.3533 
250.7 0.2344 0.0032 1.2150 1.2353 1.2557 1.2764 1.2974 1.3187 1.3403 1.3530 
251.3 0.2342 0.0031 1.2149 1.2351 1.2555 1.2762 1.2972 1.3184 1.3400 1.3527 
251.8 0.2341 0.0031 1.2147 1.2349 1.2553 1.2760 1.2970 1.3182 1.3397 1.3524 
252.4 0.2339 0.0031 1.2145 1.2347 1.2551 1.2758 1.2967 1.3179 1.3395 1.3521 
253.0 0.2337 0.0031 1.2144 1.2345 1.2549 1.2756 1.2965 1.3177 1.3392 1.3518 
253.5 0.2335 0.0030 1.2142 1.2343 1.2547 1.2753 1.2962 1.3174 1.3389 1.3515 
254.1 0.2334 0.0030 1.2140 1.2342 1.2545 1.2751 1.2960 1.3172 1.3386 1.3513 
254.6 0.2332 0.0030 1.2139 1.2340 1.2543 1.2749 1.2958 1.3169 1.3384 1.3510 
255.2 0.2330 0.0030 1.2137 1.2338 1.2541 1.2747 1.2956 1.3167 1.3381 1.3507 
255.8 0.2329 0.0030 1.2136 1.2336 1.2539 1.2745 1.2953 1.3164 1.3379 1.3504 
256.3 0.2327 0.0029 1.2134 1.2335 1.2538 1.2743 1.2951 1.3162 1.3376 1.3502 
256.9 0.2326 0.0029 1.2133 1.2333 1.2536 1.2741 1.2949 1.3160 1.3373 1.3499 
257.5 0.2324 0.0029 1.2131 1.2331 1.2534 1.2739 1.2947 1.3157 1.3371 1.3496 
258.0 0.2322 0.0029 1.2129 1.2330 1.2532 1.2737 1.2945 1.3155 1.3368 1.3494 
258.6 0.2321 0.0029 1.2128 1.2328 1.2530 1.2735 1.2942 1.3153 1.3366 1.3491 
259.1 0.2319 0.0028 1.2126 1.2326 1.2528 1.2733 1.2940 1.3150 1.3363 1.3489 
259.7 0.2318 0.0028 1.2125 1.2325 1.2527 1.2731 1.2938 1.3148 1.3361 1.3486 
260.3 0.2316 0.0028 1.2124 1.2323 1.2525 1.2729 1.2936 1.3146 1.3358 1.3484 
260.8 0.2315 0.0028 1.2122 1.2321 1.2523 1.2727 1.2934 1.3144 1.3356 1.3481 
261.4 0.2313 0.0028 1.2121 1.2320 1.2521 1.2725 1.2932 1.3141 1.3354 1.3479 
261.9 0.2312 0.0027 1.2119 1.2318 1.2520 1.2723 1.2930 1.3139 1.3351 1.3476 
262.5 0.2310 0.0027 1.2118 1.2317 1.2518 1.2722 1.2928 1.3137 1.3349 1.3474 
263.1 0.2309 0.0027 1.2116 1.2315 1.2516 1.2720 1.2926 1.3135 1.3347 1.3471 
263.6 0.2307 0.0027 1.2115 1.2314 1.2515 1.2718 1.2924 1.3133 1.3344 1.3469 
264.2 0.2306 0.0027 1.2114 1.2312 1.2513 1.2716 1.2922 1.3131 1.3342 1.3466 
264.8 0.2305 0.0027 1.2112 1.2311 1.2511 1.2714 1.2920 1.3128 1.3340 1.3464 
265.3 0.2303 0.0026 1.2111 1.2309 1.2510 1.2713 1.2918 1.3126 1.3338 1.3462 
265.9 0.2302 0.0026 1.2109 1.2308 1.2508 1.2711 1.2916 1.3124 1.3335 1.3459 
266.4 0.2300 0.0026 1.2108 1.2306 1.2506 1.2709 1.2914 1.3122 1.3333 1.3457 
267.0 0.2299 0.0026 1.2107 1.2305 1.2505 1.2707 1.2912 1.3120 1.3331 1.3455 
267.6 0.2298 0.0026 1.2106 1.2303 1.2503 1.2706 1.2911 1.3118 1.3329 1.3453 
268.1 0.2296 0.0026 1.2104 1.2302 1.2502 1.2704 1.2909 1.3116 1.3327 1.3450 
268.7 0.2295 0.0025 1.2103 1.2300 1.2500 1.2702 1.2907 1.3114 1.3324 1.3448 
269.3 0.2294 0.0025 1.2102 1.2299 1.2498 1.2700 1.2905 1.3112 1.3322 1.3446 
269.8 0.2292 0.0025 1.2100 1.2297 1.2497 1.2699 1.2903 1.3110 1.3320 1.3444 
270.4 0.2291 0.0025 1.2099 1.2296 1.2495 1.2697 1.2901 1.3108 1.3318 1.3441 
270.9 0.2290 0.0025 1.2098 1.2295 1.2494 1.2695 1.2900 1.3106 1.3316 1.3439 
271.5 0.2288 0.0025 1.2097 1.2293 1.2492 1.2694 1.2898 1.3105 1.3314 1.3437 
272.1 0.2287 0.0024 1.2095 1.2292 1.2491 1.2692 1.2896 1.3103 1.3312 1.3435 
272.6 0.2286 0.0024 1.2094 1.2291 1.2489 1.2691 1.2894 1.3101 1.3310 1.3433 
273.2 0.2285 0.0024 1.2093 1.2289 1.2488 1.2689 1.2893 1.3099 1.3308 1.3431 
273.7 0.2283 0.0024 1.2092 1.2288 1.2486 1.2687 1.2891 1.3097 1.3306 1.3429 
274.3 0.2282 0.0024 1.2091 1.2287 1.2485 1.2686 1.2889 1.3095 1.3304 1.3427 
274.9 0.2281 0.0024 1.2089 1.2285 1.2484 1.2684 1.2888 1.3093 1.3302 1.3425 
275.4 0.2280 0.0023 1.2088 1.2284 1.2482 1.2683 1.2886 1.3092 1.3300 1.3423 
276.0 0.2279 0.0023 1.2087 1.2283 1.2481 1.2681 1.2884 1.3090 1.3298 1.3421 
276.6 0.2277 0.0023 1.2086 1.2281 1.2479 1.2680 1.2883 1.3088 1.3296 1.3419 
277.1 0.2276 0.0023 1.2085 1.2280 1.2478 1.2678 1.2881 1.3086 1.3294 1.3417 
277.7 0.2275 0.0023 1.2084 1.2279 1.2477 1.2677 1.2879 1.3084 1.3292 1.3415 
278.2 0.2274 0.0023 1.2082 1.2278 1.2475 1.2675 1.2878 1.3083 1.3291 1.3413 
278.8 0.2273 0.0023 1.2081 1.2276 1.2474 1.2674 1.2876 1.3081 1.3289 1.3411 
279.4 0.2271 0.0022 1.2080 1.2275 1.2473 1.2672 1.2875 1.3079 1.3287 1.3409 
279.9 0.2270 0.0022 1.2079 1.2274 1.2471 1.2671 1.2873 1.3078 1.3285 1.3407 
280.5 0.2269 0.0022 1.2078 1.2273 1.2470 1.2669 1.2871 1.3076 1.3283 1.3405 
281.1 0.2268 0.0022 1.2077 1.2272 1.2469 1.2668 1.2870 1.3074 1.3281 1.3403 
281.6 0.2267 0.0022 1.2076 1.2270 1.2467 1.2667 1.2868 1.3073 1.3280 1.3401 
282.2 0.2266 0.0022 1.2075 1.2269 1.2466 1.2665 1.2867 1.3071 1.3278 1.3400 
282.7 0.2265 0.0022 1.2074 1.2268 1.2465 1.2664 1.2865 1.3069 1.3276 1.3398 
283.3 0.2264 0.0021 1.2073 1.2267 1.2463 1.2662 1.2864 1.3068 1.3274 1.3396 
283.9 0.2263 0.0021 1.2072 1.2266 1.2462 1.2661 1.2862 1.3066 1.3273 1.3394 
284.4 0.2261 0.0021 1.2071 1.2265 1.2461 1.2660 1.2861 1.3065 1.3271 1.3392 
285.0 0.2260 0.0021 1.2069 1.2263 1.2460 1.2658 1.2859 1.3063 1.3269 1.3391 
285.5 0.2259 0.0021 1.2068 1.2262 1.2458 1.2657 1.2858 1.3061 1.3268 1.3389 
286.1 0.2258 0.0021 1.2067 1.2261 1.2457 1.2656 1.2856 1.3060 1.3266 1.3387 
286.7 0.2257 0.0021 1.2066 1.2260 1.2456 1.2654 1.2855 1.3058 1.3264 1.3385 
287.2 0.2256 0.0021 1.2065 1.2259 1.2455 1.2653 1.2854 1.3057 1.3263 1.3384 
287.8 0.2255 0.0020 1.2064 1.2258 1.2454 1.2652 1.2852 1.3055 1.3261 1.3382 
288.4 0.2254 0.0020 1.2063 1.2257 1.2452 1.2650 1.2851 1.3054 1.3259 1.3380 
288.9 0.2253 0.0020 1.2062 1.2256 1.2451 1.2649 1.2849 1.3052 1.3258 1.3379 
289.5 0.2252 0.0020 1.2061 1.2255 1.2450 1.2648 1.2848 1.3051 1.3256 1.3377 
290.0 0.2251 0.0020 1.2061 1.2254 1.2449 1.2647 1.2847 1.3049 1.3254 1.3375 
290.6 0.2250 0.0020 1.2060 1.2253 1.2448 1.2645 1.2845 1.3048 1.3253 1.3374 
291.2 0.2249 0.0020 1.2059 1.2252 1.2447 1.2644 1.2844 1.3046 1.3251 1.3372 
291.7 0.2248 0.0020 1.2058 1.2250 1.2445 1.2643 1.2843 1.3045 1.3250 1.3370 
292.3 0.2247 0.0019 1.2057 1.2249 1.2444 1.2642 1.2841 1.3043 1.3248 1.3369 
292.8 0.2246 0.0019 1.2056 1.2248 1.2443 1.2640 1.2840 1.3042 1.3247 1.3367 
293.4 0.2245 0.0019 1.2055 1.2247 1.2442 1.2639 1.2839 1.3041 1.3245 1.3365 
294.0 0.2244 0.0019 1.2054 1.2246 1.2441 1.2638 1.2837 1.3039 1.3244 1.3364 
294.5 0.2243 0.0019 1.2053 1.2245 1.2440 1.2637 1.2836 1.3038 1.3242 1.3362 
295.1 0.2242 0.0019 1.2052 1.2244 1.2439 1.2636 1.2835 1.3036 1.3241 1.3361 
295.7 0.2241 0.0019 1.2051 1.2243 1.2438 1.2634 1.2833 1.3035 1.3239 1.3359 
296.2 0.2241 0.0019 1.2050 1.2242 1.2437 1.2633 1.2832 1.3034 1.3238 1.3358 
296.8 0.2240 0.0019 1.2049 1.2241 1.2436 1.2632 1.2831 1.3032 1.3236 1.3356 
297.3 0.2239 0.0018 1.2049 1.2240 1.2435 1.2631 1.2830 1.3031 1.3235 1.3355 
297.9 0.2238 0.0018 1.2048 1.2239 1.2433 1.2630 1.2828 1.3030 1.3233 1.3353 
298.5 0.2237 0.0018 1.2047 1.2239 1.2432 1.2629 1.2827 1.3028 1.3232 1.3352 
299.0 0.2236 0.0018 1.2046 1.2238 1.2431 1.2627 1.2826 1.3027 1.3230 1.3350 
299.6 0.2235 0.0018 1.2045 1.2237 1.2430 1.2626 1.2825 1.3026 1.3229 1.3349 
300.2 0.2234 0.0018 1.2044 1.2236 1.2429 1.2625 1.2823 1.3024 1.3228 1.3347 
300.7 0.2233 0.0018 1.2043 1.2235 1.2428 1.2624 1.2822 1.3023 1.3226 1.3346 
301.3 0.2232 0.0018 1.2043 1.2234 1.2427 1.2623 1.2821 1.3022 1.3225 1.3344 
301.8 0.2232 0.0018 1.2042 1.2233 1.2426 1.2622 1.2820 1.3020 1.3224 1.3343 
302.4 0.2231 0.0018 1.2041 1.2232 1.2425 1.2621 1.2819 1.3019 1.3222 1.3342 
303.0 0.2230 0.0017 1.2040 1.2231 1.2424 1.2620 1.2818 1.3018 1.3221 1.3340 
303.5 0.2229 0.0017 1.2039 1.2230 1.2423 1.2619 1.2816 1.3017 1.3219 1.3339 
304.1 0.2228 0.0017 1.2038 1.2229 1.2422 1.2618 1.2815 1.3015 1.3218 1.3337 
304.6 0.2227 0.0017 1.2038 1.2228 1.2421 1.2617 1.2814 1.3014 1.3217 1.3336 
305.2 0.2226 0.0017 1.2037 1.2228 1.2420 1.2616 1.2813 1.3013 1.3215 1.3335 
305.8 0.2226 0.0017 1.2036 1.2227 1.2419 1.2614 1.2812 1.3012 1.3214 1.3333 
306.3 0.2225 0.0017 1.2035 1.2226 1.2418 1.2613 1.2811 1.3011 1.3213 1.3332 
306.9 0.2224 0.0017 1.2034 1.2225 1.2418 1.2612 1.2810 1.3009 1.3212 1.3330 
307.5 0.2223 0.0017 1.2034 1.2224 1.2417 1.2611 1.2809 1.3008 1.3210 1.3329 
308.0 0.2222 0.0017 1.2033 1.2223 1.2416 1.2610 1.2807 1.3007 1.3209 1.3328 
308.6 0.2222 0.0016 1.2032 1.2222 1.2415 1.2609 1.2806 1.3006 1.3208 1.3327 
309.1 0.2221 0.0016 1.2031 1.2222 1.2414 1.2608 1.2805 1.3005 1.3206 1.3325 
309.7 0.2220 0.0016 1.2031 1.2221 1.2413 1.2607 1.2804 1.3003 1.3205 1.3324 
310.3 0.2219 0.0016 1.2030 1.2220 1.2412 1.2606 1.2803 1.3002 1.3204 1.3323 
310.8 0.2218 0.0016 1.2029 1.2219 1.2411 1.2605 1.2802 1.3001 1.3203 1.3321 
311.4 0.2218 0.0016 1.2028 1.2218 1.2410 1.2604 1.2801 1.3000 1.3202 1.3320 
312.0 0.2217 0.0016 1.2028 1.2217 1.2409 1.2603 1.2800 1.2999 1.3200 1.3319 
312.5 0.2216 0.0016 1.2027 1.2217 1.2408 1.2602 1.2799 1.2998 1.3199 1.3318 
313.1 0.2215 0.0016 1.2026 1.2216 1.2408 1.2602 1.2798 1.2997 1.3198 1.3316 
313.6 0.2215 0.0016 1.2025 1.2215 1.2407 1.2601 1.2797 1.2995 1.3197 1.3315 
314.2 0.2214 0.0016 1.2025 1.2214 1.2406 1.2600 1.2796 1.2994 1.3196 1.3314 
314.8 0.2213 0.0015 1.2024 1.2213 1.2405 1.2599 1.2795 1.2993 1.3194 1.3313 
315.3 0.2212 0.0015 1.2023 1.2213 1.2404 1.2598 1.2794 1.2992 1.3193 1.3311 
315.9 0.2212 0.0015 1.2023 1.2212 1.2403 1.2597 1.2793 1.2991 1.3192 1.3310 
316.4 0.2211 0.0015 1.2022 1.2211 1.2402 1.2596 1.2792 1.2990 1.3191 1.3309 
317.0 0.2210 0.0015 1.2021 1.2210 1.2402 1.2595 1.2791 1.2989 1.3190 1.3308 
317.6 0.2210 0.0015 1.2020 1.2210 1.2401 1.2594 1.2790 1.2988 1.3189 1.3307 
318.1 0.2209 0.0015 1.2020 1.2209 1.2400 1.2593 1.2789 1.2987 1.3187 1.3305 
318.7 0.2208 0.0015 1.2019 1.2208 1.2399 1.2592 1.2788 1.2986 1.3186 1.3304 
319.3 0.2207 0.0015 1.2018 1.2207 1.2398 1.2591 1.2787 1.2985 1.3185 1.3303 
319.8 0.2207 0.0015 1.2018 1.2207 1.2397 1.2591 1.2786 1.2984 1.3184 1.3302 
320.4 0.2206 0.0015 1.2017 1.2206 1.2397 1.2590 1.2785 1.2983 1.3183 1.3301 
320.9 0.2205 0.0015 1.2016 1.2205 1.2396 1.2589 1.2784 1.2982 1.3182 1.3300 
321.5 0.2205 0.0014 1.2016 1.2204 1.2395 1.2588 1.2783 1.2981 1.3181 1.3298 
322.1 0.2204 0.0014 1.2015 1.2204 1.2394 1.2587 1.2782 1.2980 1.3180 1.3297 
322.6 0.2203 0.0014 1.2014 1.2203 1.2393 1.2586 1.2781 1.2979 1.3179 1.3296 
323.2 0.2203 0.0014 1.2014 1.2202 1.2393 1.2585 1.2780 1.2978 1.3178 1.3295 
323.8 0.2202 0.0014 1.2013 1.2201 1.2392 1.2584 1.2779 1.2977 1.3176 1.3294 
324.3 0.2201 0.0014 1.2012 1.2201 1.2391 1.2584 1.2778 1.2976 1.3175 1.3293 
324.9 0.2201 0.0014 1.2012 1.2200 1.2390 1.2583 1.2778 1.2975 1.3174 1.3292 
325.4 0.2200 0.0014 1.2011 1.2199 1.2390 1.2582 1.2777 1.2974 1.3173 1.3291 
326.0 0.2199 0.0014 1.2011 1.2199 1.2389 1.2581 1.2776 1.2973 1.3172 1.3290 
326.6 0.2199 0.0014 1.2010 1.2198 1.2388 1.2580 1.2775 1.2972 1.3171 1.3289 
327.1 0.2198 0.0014 1.2009 1.2197 1.2387 1.2580 1.2774 1.2971 1.3170 1.3287 
327.7 0.2197 0.0014 1.2009 1.2197 1.2387 1.2579 1.2773 1.2970 1.3169 1.3286 
328.2 0.2197 0.0014 1.2008 1.2196 1.2386 1.2578 1.2772 1.2969 1.3168 1.3285 
328.8 0.2196 0.0013 1.2007 1.2195 1.2385 1.2577 1.2771 1.2968 1.3167 1.3284 
329.4 0.2195 0.0013 1.2007 1.2195 1.2384 1.2576 1.2771 1.2967 1.3166 1.3283 
329.9 0.2195 0.0013 1.2006 1.2194 1.2384 1.2576 1.2770 1.2966 1.3165 1.3282 
330.5 0.2194 0.0013 1.2006 1.2193 1.2383 1.2575 1.2769 1.2965 1.3164 1.3281 
331.1 0.2193 0.0013 1.2005 1.2193 1.2382 1.2574 1.2768 1.2964 1.3163 1.3280 
331.6 0.2193 0.0013 1.2004 1.2192 1.2381 1.2573 1.2767 1.2963 1.3162 1.3279 
332.2 0.2192 0.0013 1.2004 1.2191 1.2381 1.2572 1.2766 1.2963 1.3161 1.3278 
332.7 0.2192 0.0013 1.2003 1.2191 1.2380 1.2572 1.2765 1.2962 1.3160 1.3277 
333.3 0.2191 0.0013 1.2003 1.2190 1.2379 1.2571 1.2765 1.2961 1.3159 1.3276 
333.9 0.2190 0.0013 1.2002 1.2189 1.2379 1.2570 1.2764 1.2960 1.3158 1.3275 
334.4 0.2190 0.0013 1.2002 1.2189 1.2378 1.2569 1.2763 1.2959 1.3157 1.3274 
335.0 0.2189 0.0013 1.2001 1.2188 1.2377 1.2569 1.2762 1.2958 1.3157 1.3273 
335.6 0.2189 0.0013 1.2000 1.2187 1.2377 1.2568 1.2761 1.2957 1.3156 1.3272 
336.1 0.2188 0.0013 1.2000 1.2187 1.2376 1.2567 1.2761 1.2956 1.3155 1.3271 
336.7 0.2187 0.0012 1.1999 1.2186 1.2375 1.2566 1.2760 1.2956 1.3154 1.3270 
337.2 0.2187 0.0012 1.1999 1.2186 1.2375 1.2566 1.2759 1.2955 1.3153 1.3269 
337.8 0.2186 0.0012 1.1998 1.2185 1.2374 1.2565 1.2758 1.2954 1.3152 1.3268 
338.4 0.2186 0.0012 1.1998 1.2184 1.2373 1.2564 1.2757 1.2953 1.3151 1.3267 
338.9 0.2185 0.0012 1.1997 1.2184 1.2373 1.2563 1.2757 1.2952 1.3150 1.3266 
339.5 0.2185 0.0012 1.1996 1.2183 1.2372 1.2563 1.2756 1.2951 1.3149 1.3266 
340.0 0.2184 0.0012 1.1996 1.2183 1.2371 1.2562 1.2755 1.2950 1.3148 1.3265 
340.6 0.2183 0.0012 1.1995 1.2182 1.2371 1.2561 1.2754 1.2950 1.3147 1.3264 
341.2 0.2183 0.0012 1.1995 1.2181 1.2370 1.2561 1.2754 1.2949 1.3147 1.3263 
341.7 0.2182 0.0012 1.1994 1.2181 1.2369 1.2560 1.2753 1.2948 1.3146 1.3262 
342.3 0.2182 0.0012 1.1994 1.2180 1.2369 1.2559 1.2752 1.2947 1.3145 1.3261 
342.9 0.2181 0.0012 1.1993 1.2180 1.2368 1.2559 1.2751 1.2946 1.3144 1.3260 
343.4 0.2181 0.0012 1.1993 1.2179 1.2367 1.2558 1.2751 1.2946 1.3143 1.3259 
344.0 0.2180 0.0012 1.1992 1.2178 1.2367 1.2557 1.2750 1.2945 1.3142 1.3258 
344.5 0.2180 0.0012 1.1992 1.2178 1.2366 1.2556 1.2749 1.2944 1.3141 1.3257 
345.1 0.2179 0.0012 1.1991 1.2177 1.2366 1.2556 1.2748 1.2943 1.3140 1.3256 
345.7 0.2179 0.0011 1.1991 1.2177 1.2365 1.2555 1.2748 1.2942 1.3140 1.3256 
346.2 0.2178 0.0011 1.1990 1.2176 1.2364 1.2554 1.2747 1.2942 1.3139 1.3255 
346.8 0.2177 0.0011 1.1990 1.2176 1.2364 1.2554 1.2746 1.2941 1.3138 1.3254 
347.4 0.2177 0.0011 1.1989 1.2175 1.2363 1.2553 1.2745 1.2940 1.3137 1.3253 
347.9 0.2176 0.0011 1.1989 1.2175 1.2362 1.2552 1.2745 1.2939 1.3136 1.3252 
348.5 0.2176 0.0011 1.1988 1.2174 1.2362 1.2552 1.2744 1.2939 1.3135 1.3251 
349.0 0.2175 0.0011 1.1988 1.2173 1.2361 1.2551 1.2743 1.2938 1.3135 1.3250 
349.6 0.2175 0.0011 1.1987 1.2173 1.2361 1.2551 1.2743 1.2937 1.3134 1.3250 
350.2 0.2174 0.0011 1.1987 1.2172 1.2360 1.2550 1.2742 1.2936 1.3133 1.3249 
350.7 0.2174 0.0011 1.1986 1.2172 1.2359 1.2549 1.2741 1.2936 1.3132 1.3248 
351.3 0.2173 0.0011 1.1986 1.2171 1.2359 1.2549 1.2741 1.2935 1.3131 1.3247 
351.8 0.2173 0.0011 1.1985 1.2171 1.2358 1.2548 1.2740 1.2934 1.3131 1.3246 
352.4 0.2172 0.0011 1.1985 1.2170 1.2358 1.2547 1.2739 1.2933 1.3130 1.3245 
353.0 0.2172 0.0011 1.1984 1.2170 1.2357 1.2547 1.2738 1.2933 1.3129 1.3245 
353.5 0.2171 0.0011 1.1984 1.2169 1.2357 1.2546 1.2738 1.2932 1.3128 1.3244 
354.1 0.2171 0.0011 1.1983 1.2169 1.2356 1.2545 1.2737 1.2931 1.3128 1.3243 
354.7 0.2170 0.0011 1.1983 1.2168 1.2355 1.2545 1.2736 1.2930 1.3127 1.3242 
355.2 0.2170 0.0011 1.1982 1.2168 1.2355 1.2544 1.2736 1.2930 1.3126 1.3241 
355.8 0.2169 0.0010 1.1982 1.2167 1.2354 1.2544 1.2735 1.2929 1.3125 1.3241 
356.3 0.2169 0.0010 1.1981 1.2167 1.2354 1.2543 1.2735 1.2928 1.3124 1.3240 
356.9 0.2168 0.0010 1.1981 1.2166 1.2353 1.2542 1.2734 1.2928 1.3124 1.3239 
357.5 0.2168 0.0010 1.1981 1.2166 1.2353 1.2542 1.2733 1.2927 1.3123 1.3238 
358.0 0.2167 0.0010 1.1980 1.2165 1.2352 1.2541 1.2733 1.2926 1.3122 1.3237 
358.6 0.2167 0.0010 1.1980 1.2165 1.2352 1.2541 1.2732 1.2925 1.3121 1.3237 
359.2 0.2167 0.0010 1.1979 1.2164 1.2351 1.2540 1.2731 1.2925 1.3121 1.3236 
359.7 0.2166 0.0010 1.1979 1.2164 1.2350 1.2539 1.2731 1.2924 1.3120 1.3235 
360.3 0.2166 0.0010 1.1978 1.2163 1.2350 1.2539 1.2730 1.2923 1.3119 1.3234 
360.8 0.2165 0.0010 1.1978 1.2163 1.2349 1.2538 1.2729 1.2923 1.3119 1.3234 
361.4 0.2165 0.0010 1.1977 1.2162 1.2349 1.2538 1.2729 1.2922 1.3118 1.3233 
362.0 0.2164 0.0010 1.1977 1.2162 1.2348 1.2537 1.2728 1.2921 1.3117 1.3232 
362.5 0.2164 0.0010 1.1977 1.2161 1.2348 1.2537 1.2728 1.2921 1.3116 1.3231 
363.1 0.2163 0.0010 1.1976 1.2161 1.2347 1.2536 1.2727 1.2920 1.3116 1.3231 
363.6 0.2163 0.0010 1.1976 1.2160 1.2347 1.2535 1.2726 1.2919 1.3115 1.3230 
364.2 0.2162 0.0010 1.1975 1.2160 1.2346 1.2535 1.2726 1.2919 1.3114 1.3229 
364.8 0.2162 0.0010 1.1975 1.2159 1.2346 1.2534 1.2725 1.2918 1.3114 1.3228 
365.3 0.2162 0.0010 1.1974 1.2159 1.2345 1.2534 1.2724 1.2917 1.3113 1.3228 
365.9 0.2161 0.0010 1.1974 1.2158 1.2345 1.2533 1.2724 1.2917 1.3112 1.3227 
366.5 0.2161 0.0009 1.1974 1.2158 1.2344 1.2533 1.2723 1.2916 1.3111 1.3226 
367.0 0.2160 0.0009 1.1973 1.2157 1.2344 1.2532 1.2723 1.2916 1.3111 1.3226 
367.6 0.2160 0.0009 1.1973 1.2157 1.2343 1.2532 1.2722 1.2915 1.3110 1.3225 
368.1 0.2159 0.0009 1.1972 1.2157 1.2343 1.2531 1.2722 1.2914 1.3109 1.3224 
368.7 0.2159 0.0009 1.1972 1.2156 1.2342 1.2531 1.2721 1.2914 1.3109 1.3223 
369.3 0.2158 0.0009 1.1971 1.2156 1.2342 1.2530 1.2720 1.2913 1.3108 1.3223 
369.8 0.2158 0.0009 1.1971 1.2155 1.2341 1.2529 1.2720 1.2912 1.3107 1.3222 
370.4 0.2158 0.0009 1.1971 1.2155 1.2341 1.2529 1.2719 1.2912 1.3107 1.3221 
371.0 0.2157 0.0009 1.1970 1.2154 1.2340 1.2528 1.2719 1.2911 1.3106 1.3221 
371.5 0.2157 0.0009 1.1970 1.2154 1.2340 1.2528 1.2718 1.2911 1.3105 1.3220 
372.1 0.2156 0.0009 1.1969 1.2153 1.2339 1.2527 1.2718 1.2910 1.3105 1.3219 
372.6 0.2156 0.0009 1.1969 1.2153 1.2339 1.2527 1.2717 1.2909 1.3104 1.3219 
373.2 0.2156 0.0009 1.1969 1.2153 1.2338 1.2526 1.2716 1.2909 1.3103 1.3218 
373.8 0.2155 0.0009 1.1968 1.2152 1.2338 1.2526 1.2716 1.2908 1.3103 1.3217 
374.3 0.2155 0.0009 1.1968 1.2152 1.2337 1.2525 1.2715 1.2908 1.3102 1.3217 
374.9 0.2154 0.0009 1.1967 1.2151 1.2337 1.2525 1.2715 1.2907 1.3102 1.3216 
375.4 0.2154 0.0009 1.1967 1.2151 1.2337 1.2524 1.2714 1.2906 1.3101 1.3215 
376.0 0.2154 0.0009 1.1967 1.2150 1.2336 1.2524 1.2714 1.2906 1.3100 1.3215 
376.6 0.2153 0.0009 1.1966 1.2150 1.2336 1.2523 1.2713 1.2905 1.3100 1.3214 
377.1 0.2153 0.0009 1.1966 1.2150 1.2335 1.2523 1.2713 1.2905 1.3099 1.3213 
377.7 0.2152 0.0009 1.1966 1.2149 1.2335 1.2522 1.2712 1.2904 1.3098 1.3213 
378.3 0.2152 0.0009 1.1965 1.2149 1.2334 1.2522 1.2712 1.2903 1.3098 1.3212 
378.8 0.2152 0.0008 1.1965 1.2148 1.2334 1.2521 1.2711 1.2903 1.3097 1.3211 
379.4 0.2151 0.0008 1.1964 1.2148 1.2333 1.2521 1.2710 1.2902 1.3097 1.3211 
379.9 0.2151 0.0008 1.1964 1.2147 1.2333 1.2520 1.2710 1.2902 1.3096 1.3210 
380.5 0.2150 0.0008 1.1964 1.2147 1.2332 1.2520 1.2709 1.2901 1.3095 1.3209 
381.1 0.2150 0.0008 1.1963 1.2147 1.2332 1.2519 1.2709 1.2901 1.3095 1.3209 
381.6 0.2150 0.0008 1.1963 1.2146 1.2332 1.2519 1.2708 1.2900 1.3094 1.3208 
382.2 0.2149 0.0008 1.1963 1.2146 1.2331 1.2518 1.2708 1.2900 1.3094 1.3208 
382.8 0.2149 0.0008 1.1962 1.2145 1.2331 1.2518 1.2707 1.2899 1.3093 1.3207 
383.3 0.2148 0.0008 1.1962 1.2145 1.2330 1.2517 1.2707 1.2898 1.3092 1.3206 
383.9 0.2148 0.0008 1.1962 1.2145 1.2330 1.2517 1.2706 1.2898 1.3092 1.3206 
384.4 0.2148 0.0008 1.1961 1.2144 1.2329 1.2517 1.2706 1.2897 1.3091 1.3205 
385.0 0.2147 0.0008 1.1961 1.2144 1.2329 1.2516 1.2705 1.2897 1.3091 1.3205 
385.6 0.2147 0.0008 1.1960 1.2144 1.2329 1.2516 1.2705 1.2896 1.3090 1.3204 
386.1 0.2147 0.0008 1.1960 1.2143 1.2328 1.2515 1.2704 1.2896 1.3089 1.3203 
386.7 0.2146 0.0008 1.1960 1.2143 1.2328 1.2515 1.2704 1.2895 1.3089 1.3203 
387.2 0.2146 0.0008 1.1959 1.2142 1.2327 1.2514 1.2703 1.2895 1.3088 1.3202 
387.8 0.2146 0.0008 1.1959 1.2142 1.2327 1.2514 1.2703 1.2894 1.3088 1.3202 
388.4 0.2145 0.0008 1.1959 1.2142 1.2326 1.2513 1.2702 1.2894 1.3087 1.3201 
388.9 0.2145 0.0008 1.1958 1.2141 1.2326 1.2513 1.2702 1.2893 1.3087 1.3200 
389.5 0.2144 0.0008 1.1958 1.2141 1.2326 1.2512 1.2701 1.2893 1.3086 1.3200 
390.1 0.2144 0.0008 1.1958 1.2140 1.2325 1.2512 1.2701 1.2892 1.3086 1.3199 
390.6 0.2144 0.0008 1.1957 1.2140 1.2325 1.2512 1.2700 1.2892 1.3085 1.3199 
391.2 0.2143 0.0008 1.1957 1.2140 1.2324 1.2511 1.2700 1.2891 1.3084 1.3198 
391.7 0.2143 0.0008 1.1957 1.2139 1.2324 1.2511 1.2699 1.2890 1.3084 1.3197 
392.3 0.2143 0.0007 1.1956 1.2139 1.2324 1.2510 1.2699 1.2890 1.3083 1.3197 
392.9 0.2142 0.0007 1.1956 1.2139 1.2323 1.2510 1.2699 1.2889 1.3083 1.3196 
393.4 0.2142 0.0007 1.1956 1.2138 1.2323 1.2509 1.2698 1.2889 1.3082 1.3196 
394.0 0.2142 0.0007 1.1955 1.2138 1.2322 1.2509 1.2698 1.2888 1.3082 1.3195 
394.5 0.2141 0.0007 1.1955 1.2138 1.2322 1.2509 1.2697 1.2888 1.3081 1.3195 
395.1 0.2141 0.0007 1.1955 1.2137 1.2322 1.2508 1.2697 1.2887 1.3081 1.3194 
395.7 0.2141 0.0007 1.1954 1.2137 1.2321 1.2508 1.2696 1.2887 1.3080 1.3194 
396.2 0.2140 0.0007 1.1954 1.2136 1.2321 1.2507 1.2696 1.2886 1.3080 1.3193 
396.8 0.2140 0.0007 1.1954 1.2136 1.2320 1.2507 1.2695 1.2886 1.3079 1.3192 
397.4 0.2140 0.0007 1.1953 1.2136 1.2320 1.2506 1.2695 1.2886 1.3078 1.3192 
397.9 0.2139 0.0007 1.1953 1.2135 1.2320 1.2506 1.2694 1.2885 1.3078 1.3191 
398.5 0.2139 0.0007 1.1953 1.2135 1.2319 1.2506 1.2694 1.2885 1.3077 1.3191 
399.0 0.2139 0.0007 1.1952 1.2135 1.2319 1.2505 1.2693 1.2884 1.3077 1.3190 
399.6 0.2138 0.0007 1.1952 1.2134 1.2319 1.2505 1.2693 1.2884 1.3076 1.3190 
400.2 0.2138 0.0007 1.1952 1.2134 1.2318 1.2504 1.2693 1.2883 1.3076 1.3189 
400.7 0.2138 0.0007 1.1952 1.2134 1.2318 1.2504 1.2692 1.2883 1.3075 1.3189 
401.3 0.2137 0.0007 1.1951 1.2133 1.2317 1.2504 1.2692 1.2882 1.3075 1.3188 
401.9 0.2137 0.0007 1.1951 1.2133 1.2317 1.2503 1.2691 1.2882 1.3074 1.3188 
402.4 0.2137 0.0007 1.1951 1.2133 1.2317 1.2503 1.2691 1.2881 1.3074 1.3187 
403.0 0.2136 0.0007 1.1950 1.2132 1.2316 1.2502 1.2690 1.2881 1.3073 1.3187 
403.5 0.2136 0.0007 1.1950 1.2132 1.2316 1.2502 1.2690 1.2880 1.3073 1.3186 
404.1 0.2136 0.0007 1.1950 1.2132 1.2316 1.2502 1.2690 1.2880 1.3072 1.3186 
404.7 0.2135 0.0007 1.1949 1.2131 1.2315 1.2501 1.2689 1.2879 1.3072 1.3185 
405.2 0.2135 0.0007 1.1949 1.2131 1.2315 1.2501 1.2689 1.2879 1.3071 1.3185 
405.8 0.2135 0.0007 1.1949 1.2131 1.2315 1.2500 1.2688 1.2878 1.3071 1.3184 
406.3 0.2135 0.0007 1.1948 1.2130 1.2314 1.2500 1.2688 1.2878 1.3070 1.3184 
406.9 0.2134 0.0007 1.1948 1.2130 1.2314 1.2500 1.2687 1.2878 1.3070 1.3183 
407.5 0.2134 0.0007 1.1948 1.2130 1.2313 1.2499 1.2687 1.2877 1.3069 1.3183 
408.0 0.2134 0.0007 1.1948 1.2129 1.2313 1.2499 1.2687 1.2877 1.3069 1.3182 
408.6 0.2133 0.0006 1.1947 1.2129 1.2313 1.2498 1.2686 1.2876 1.3069 1.3182 
409.2 0.2133 0.0006 1.1947 1.2129 1.2312 1.2498 1.2686 1.2876 1.3068 1.3181 
409.7 0.2133 0.0006 1.1947 1.2128 1.2312 1.2498 1.2685 1.2875 1.3068 1.3181 
410.3 0.2132 0.0006 1.1946 1.2128 1.2312 1.2497 1.2685 1.2875 1.3067 1.3180 
410.8 0.2132 0.0006 1.1946 1.2128 1.2311 1.2497 1.2685 1.2874 1.3067 1.3180 
411.4 0.2132 0.0006 1.1946 1.2127 1.2311 1.2497 1.2684 1.2874 1.3066 1.3179 
412.0 0.2131 0.0006 1.1946 1.2127 1.2311 1.2496 1.2684 1.2874 1.3066 1.3179 
412.5 0.2131 0.0006 1.1945 1.2127 1.2310 1.2496 1.2683 1.2873 1.3065 1.3178 
413.1 0.2131 0.0006 1.1945 1.2127 1.2310 1.2495 1.2683 1.2873 1.3065 1.3178 
413.7 0.2131 0.0006 1.1945 1.2126 1.2310 1.2495 1.2683 1.2872 1.3064 1.3177 
414.2 0.2130 0.0006 1.1944 1.2126 1.2309 1.2495 1.2682 1.2872 1.3064 1.3177 
414.8 0.2130 0.0006 1.1944 1.2126 1.2309 1.2494 1.2682 1.2871 1.3063 1.3176 
415.3 0.2130 0.0006 1.1944 1.2125 1.2309 1.2494 1.2681 1.2871 1.3063 1.3176 
415.9 0.2129 0.0006 1.1944 1.2125 1.2308 1.2494 1.2681 1.2871 1.3063 1.3175 
416.5 0.2129 0.0006 1.1943 1.2125 1.2308 1.2493 1.2681 1.2870 1.3062 1.3175 
417.0 0.2129 0.0006 1.1943 1.2124 1.2308 1.2493 1.2680 1.2870 1.3062 1.3174 
417.6 0.2129 0.0006 1.1943 1.2124 1.2307 1.2493 1.2680 1.2869 1.3061 1.3174 
418.1 0.2128 0.0006 1.1943 1.2124 1.2307 1.2492 1.2680 1.2869 1.3061 1.3173 
418.7 0.2128 0.0006 1.1942 1.2124 1.2307 1.2492 1.2679 1.2869 1.3060 1.3173 
419.3 0.2128 0.0006 1.1942 1.2123 1.2306 1.2492 1.2679 1.2868 1.3060 1.3172 
419.8 0.2127 0.0006 1.1942 1.2123 1.2306 1.2491 1.2678 1.2868 1.3059 1.3172 
420.4 0.2127 0.0006 1.1941 1.2123 1.2306 1.2491 1.2678 1.2867 1.3059 1.3172 
421.0 0.2127 0.0006 1.1941 1.2122 1.2305 1.2490 1.2678 1.2867 1.3059 1.3171 
421.5 0.2127 0.0006 1.1941 1.2122 1.2305 1.2490 1.2677 1.2867 1.3058 1.3171 
422.1 0.2126 0.0006 1.1941 1.2122 1.2305 1.2490 1.2677 1.2866 1.3058 1.3170 
422.6 0.2126 0.0006 1.1940 1.2122 1.2305 1.2489 1.2677 1.2866 1.3057 1.3170 
423.2 0.2126 0.0006 1.1940 1.2121 1.2304 1.2489 1.2676 1.2865 1.3057 1.3169 
423.8 0.2126 0.0006 1.1940 1.2121 1.2304 1.2489 1.2676 1.2865 1.3056 1.3169 
424.3 0.2125 0.0006 1.1940 1.2121 1.2304 1.2488 1.2675 1.2865 1.3056 1.3168 
424.9 0.2125 0.0006 1.1939 1.2120 1.2303 1.2488 1.2675 1.2864 1.3056 1.3168 
425.5 0.2125 0.0006 1.1939 1.2120 1.2303 1.2488 1.2675 1.2864 1.3055 1.3168 
426.0 0.2125 0.0006 1.1939 1.2120 1.2303 1.2487 1.2674 1.2863 1.3055 1.3167 
426.6 0.2124 0.0005 1.1939 1.2120 1.2302 1.2487 1.2674 1.2863 1.3054 1.3167 
427.1 0.2124 0.0005 1.1938 1.2119 1.2302 1.2487 1.2674 1.2863 1.3054 1.3166 
427.7 0.2124 0.0005 1.1938 1.2119 1.2302 1.2486 1.2673 1.2862 1.3054 1.3166 
428.3 0.2123 0.0005 1.1938 1.2119 1.2301 1.2486 1.2673 1.2862 1.3053 1.3165 
428.8 0.2123 0.0005 1.1938 1.2118 1.2301 1.2486 1.2673 1.2862 1.3053 1.3165 
429.4 0.2123 0.0005 1.1937 1.2118 1.2301 1.2486 1.2672 1.2861 1.3052 1.3165 
429.9 0.2123 0.0005 1.1937 1.2118 1.2301 1.2485 1.2672 1.2861 1.3052 1.3164 
430.5 0.2122 0.0005 1.1937 1.2118 1.2300 1.2485 1.2672 1.2860 1.3052 1.3164 
431.1 0.2122 0.0005 1.1937 1.2117 1.2300 1.2485 1.2671 1.2860 1.3051 1.3163 
431.6 0.2122 0.0005 1.1936 1.2117 1.2300 1.2484 1.2671 1.2860 1.3051 1.3163 
432.2 0.2122 0.0005 1.1936 1.2117 1.2299 1.2484 1.2671 1.2859 1.3050 1.3163 
432.8 0.2121 0.0005 1.1936 1.2117 1.2299 1.2484 1.2670 1.2859 1.3050 1.3162 
433.3 0.2121 0.0005 1.1936 1.2116 1.2299 1.2483 1.2670 1.2859 1.3050 1.3162 
433.9 0.2121 0.0005 1.1935 1.2116 1.2299 1.2483 1.2669 1.2858 1.3049 1.3161 
434.4 0.2121 0.0005 1.1935 1.2116 1.2298 1.2483 1.2669 1.2858 1.3049 1.3161 
435.0 0.2120 0.0005 1.1935 1.2116 1.2298 1.2482 1.2669 1.2857 1.3048 1.3161 
435.6 0.2120 0.0005 1.1935 1.2115 1.2298 1.2482 1.2668 1.2857 1.3048 1.3160 
436.1 0.2120 0.0005 1.1935 1.2115 1.2297 1.2482 1.2668 1.2857 1.3048 1.3160 
436.7 0.2120 0.0005 1.1934 1.2115 1.2297 1.2481 1.2668 1.2856 1.3047 1.3159 
437.3 0.2119 0.0005 1.1934 1.2115 1.2297 1.2481 1.2668 1.2856 1.3047 1.3159 
437.8 0.2119 0.0005 1.1934 1.2114 1.2297 1.2481 1.2667 1.2856 1.3046 1.3159 
438.4 0.2119 0.0005 1.1934 1.2114 1.2296 1.2481 1.2667 1.2855 1.3046 1.3158 
438.9 0.2119 0.0005 1.1933 1.2114 1.2296 1.2480 1.2667 1.2855 1.3046 1.3158 
439.5 0.2118 0.0005 1.1933 1.2113 1.2296 1.2480 1.2666 1.2855 1.3045 1.3157 
440.1 0.2118 0.0005 1.1933 1.2113 1.2295 1.2480 1.2666 1.2854 1.3045 1.3157 
440.6 0.2118 0.0005 1.1933 1.2113 1.2295 1.2479 1.2666 1.2854 1.3045 1.3157 
441.2 0.2118 0.0005 1.1932 1.2113 1.2295 1.2479 1.2665 1.2854 1.3044 1.3156 
441.7 0.2118 0.0005 1.1932 1.2112 1.2295 1.2479 1.2665 1.2853 1.3044 1.3156 
442.3 0.2117 0.0005 1.1932 1.2112 1.2294 1.2478 1.2665 1.2853 1.3043 1.3155 
442.9 0.2117 0.0005 1.1932 1.2112 1.2294 1.2478 1.2664 1.2853 1.3043 1.3155 
443.4 0.2117 0.0005 1.1932 1.2112 1.2294 1.2478 1.2664 1.2852 1.3043 1.3155 
444.0 0.2117 0.0005 1.1931 1.2112 1.2294 1.2478 1.2664 1.2852 1.3042 1.3154 
444.6 0.2116 0.0005 1.1931 1.2111 1.2293 1.2477 1.2663 1.2852 1.3042 1.3154 
445.1 0.2116 0.0005 1.1931 1.2111 1.2293 1.2477 1.2663 1.2851 1.3042 1.3154 
445.7 0.2116 0.0005 1.1931 1.2111 1.2293 1.2477 1.2663 1.2851 1.3041 1.3153 
446.2 0.2116 0.0005 1.1930 1.2111 1.2293 1.2476 1.2662 1.2851 1.3041 1.3153 
446.8 0.2115 0.0005 1.1930 1.2110 1.2292 1.2476 1.2662 1.2850 1.3041 1.3152 
447.4 0.2115 0.0005 1.1930 1.2110 1.2292 1.2476 1.2662 1.2850 1.3040 1.3152 
447.9 0.2115 0.0005 1.1930 1.2110 1.2292 1.2476 1.2662 1.2850 1.3040 1.3152 
448.5 0.2115 0.0004 1.1930 1.2110 1.2291 1.2475 1.2661 1.2849 1.3040 1.3151 
449.1 0.2115 0.0004 1.1929 1.2109 1.2291 1.2475 1.2661 1.2849 1.3039 1.3151 
449.6 0.2114 0.0004 1.1929 1.2109 1.2291 1.2475 1.2661 1.2849 1.3039 1.3151 
450.2 0.2114 0.0004 1.1929 1.2109 1.2291 1.2474 1.2660 1.2848 1.3038 1.3150 
450.7 0.2114 0.0004 1.1929 1.2109 1.2290 1.2474 1.2660 1.2848 1.3038 1.3150 
451.3 0.2114 0.0004 1.1929 1.2108 1.2290 1.2474 1.2660 1.2848 1.3038 1.3150 
451.9 0.2113 0.0004 1.1928 1.2108 1.2290 1.2474 1.2659 1.2847 1.3037 1.3149 
452.4 0.2113 0.0004 1.1928 1.2108 1.2290 1.2473 1.2659 1.2847 1.3037 1.3149 
453.0 0.2113 0.0004 1.1928 1.2108 1.2289 1.2473 1.2659 1.2847 1.3037 1.3148 
453.5 0.2113 0.0004 1.1928 1.2108 1.2289 1.2473 1.2659 1.2846 1.3036 1.3148 
454.1 0.2113 0.0004 1.1928 1.2107 1.2289 1.2473 1.2658 1.2846 1.3036 1.3148 
454.7 0.2112 0.0004 1.1927 1.2107 1.2289 1.2472 1.2658 1.2846 1.3036 1.3147 
455.2 0.2112 0.0004 1.1927 1.2107 1.2288 1.2472 1.2658 1.2845 1.3035 1.3147 
455.8 0.2112 0.0004 1.1927 1.2107 1.2288 1.2472 1.2657 1.2845 1.3035 1.3147 
456.4 0.2112 0.0004 1.1927 1.2106 1.2288 1.2472 1.2657 1.2845 1.3035 1.3146 
456.9 0.2112 0.0004 1.1926 1.2106 1.2288 1.2471 1.2657 1.2845 1.3034 1.3146 
457.5 0.2111 0.0004 1.1926 1.2106 1.2288 1.2471 1.2657 1.2844 1.3034 1.3146 
458.0 0.2111 0.0004 1.1926 1.2106 1.2287 1.2471 1.2656 1.2844 1.3034 1.3145 
458.6 0.2111 0.0004 1.1926 1.2106 1.2287 1.2470 1.2656 1.2844 1.3033 1.3145 
459.2 0.2111 0.0004 1.1926 1.2105 1.2287 1.2470 1.2656 1.2843 1.3033 1.3145 
459.7 0.2111 0.0004 1.1926 1.2105 1.2287 1.2470 1.2655 1.2843 1.3033 1.3144 
460.3 0.2110 0.0004 1.1925 1.2105 1.2286 1.2470 1.2655 1.2843 1.3033 1.3144 
460.9 0.2110 0.0004 1.1925 1.2105 1.2286 1.2469 1.2655 1.2842 1.3032 1.3144 
461.4 0.2110 0.0004 1.1925 1.2104 1.2286 1.2469 1.2655 1.2842 1.3032 1.3143 
462.0 0.2110 0.0004 1.1925 1.2104 1.2286 1.2469 1.2654 1.2842 1.3032 1.3143 
462.5 0.2109 0.0004 1.1925 1.2104 1.2285 1.2469 1.2654 1.2842 1.3031 1.3143 
463.1 0.2109 0.0004 1.1924 1.2104 1.2285 1.2468 1.2654 1.2841 1.3031 1.3142 
463.7 0.2109 0.0004 1.1924 1.2104 1.2285 1.2468 1.2653 1.2841 1.3031 1.3142 
464.2 0.2109 0.0004 1.1924 1.2103 1.2285 1.2468 1.2653 1.2841 1.3030 1.3142 
464.8 0.2109 0.0004 1.1924 1.2103 1.2284 1.2468 1.2653 1.2840 1.3030 1.3141 
465.3 0.2108 0.0004 1.1924 1.2103 1.2284 1.2467 1.2653 1.2840 1.3030 1.3141 
465.9 0.2108 0.0004 1.1923 1.2103 1.2284 1.2467 1.2652 1.2840 1.3029 1.3141 
466.5 0.2108 0.0004 1.1923 1.2103 1.2284 1.2467 1.2652 1.2839 1.3029 1.3140 
467.0 0.2108 0.0004 1.1923 1.2102 1.2284 1.2467 1.2652 1.2839 1.3029 1.3140 
467.6 0.2108 0.0004 1.1923 1.2102 1.2283 1.2466 1.2652 1.2839 1.3028 1.3140 
468.2 0.2108 0.0004 1.1923 1.2102 1.2283 1.2466 1.2651 1.2839 1.3028 1.3139 
468.7 0.2107 0.0004 1.1922 1.2102 1.2283 1.2466 1.2651 1.2838 1.3028 1.3139 
469.3 0.2107 0.0004 1.1922 1.2102 1.2283 1.2466 1.2651 1.2838 1.3028 1.3139 
469.8 0.2107 0.0004 1.1922 1.2101 1.2282 1.2465 1.2651 1.2838 1.3027 1.3139 
470.4 0.2107 0.0004 1.1922 1.2101 1.2282 1.2465 1.2650 1.2837 1.3027 1.3138 
471.0 0.2107 0.0004 1.1922 1.2101 1.2282 1.2465 1.2650 1.2837 1.3027 1.3138 
471.5 0.2106 0.0004 1.1922 1.2101 1.2282 1.2465 1.2650 1.2837 1.3026 1.3138 
472.1 0.2106 0.0004 1.1921 1.2101 1.2282 1.2465 1.2650 1.2837 1.3026 1.3137 
472.7 0.2106 0.0004 1.1921 1.2100 1.2281 1.2464 1.2649 1.2836 1.3026 1.3137 
473.2 0.2106 0.0004 1.1921 1.2100 1.2281 1.2464 1.2649 1.2836 1.3025 1.3137 
473.8 0.2106 0.0004 1.1921 1.2100 1.2281 1.2464 1.2649 1.2836 1.3025 1.3136 
474.3 0.2105 0.0003 1.1921 1.2100 1.2281 1.2464 1.2649 1.2836 1.3025 1.3136 
474.9 0.2105 0.0003 1.1920 1.2100 1.2280 1.2463 1.2648 1.2835 1.3025 1.3136 
475.5 0.2105 0.0003 1.1920 1.2099 1.2280 1.2463 1.2648 1.2835 1.3024 1.3135 
476.0 0.2105 0.0003 1.1920 1.2099 1.2280 1.2463 1.2648 1.2835 1.3024 1.3135 
476.6 0.2105 0.0003 1.1920 1.2099 1.2280 1.2463 1.2648 1.2834 1.3024 1.3135 
477.1 0.2104 0.0003 1.1920 1.2099 1.2280 1.2462 1.2647 1.2834 1.3023 1.3135 
477.7 0.2104 0.0003 1.1920 1.2099 1.2279 1.2462 1.2647 1.2834 1.3023 1.3134 
478.3 0.2104 0.0003 1.1919 1.2098 1.2279 1.2462 1.2647 1.2834 1.3023 1.3134 
478.8 0.2104 0.0003 1.1919 1.2098 1.2279 1.2462 1.2647 1.2833 1.3023 1.3134 
479.4 0.2104 0.0003 1.1919 1.2098 1.2279 1.2462 1.2646 1.2833 1.3022 1.3133 
480.0 0.2104 0.0003 1.1919 1.2098 1.2279 1.2461 1.2646 1.2833 1.3022 1.3133 
480.5 0.2103 0.0003 1.1919 1.2098 1.2278 1.2461 1.2646 1.2833 1.3022 1.3133 
481.1 0.2103 0.0003 1.1919 1.2097 1.2278 1.2461 1.2646 1.2832 1.3021 1.3132 
481.6 0.2103 0.0003 1.1918 1.2097 1.2278 1.2461 1.2645 1.2832 1.3021 1.3132 
482.2 0.2103 0.0003 1.1918 1.2097 1.2278 1.2460 1.2645 1.2832 1.3021 1.3132 
482.8 0.2103 0.0003 1.1918 1.2097 1.2278 1.2460 1.2645 1.2832 1.3021 1.3132 
483.3 0.2103 0.0003 1.1918 1.2097 1.2277 1.2460 1.2645 1.2831 1.3020 1.3131 
483.9 0.2102 0.0003 1.1918 1.2097 1.2277 1.2460 1.2644 1.2831 1.3020 1.3131 
484.4 0.2102 0.0003 1.1918 1.2096 1.2277 1.2460 1.2644 1.2831 1.3020 1.3131 
485.0 0.2102 0.0003 1.1917 1.2096 1.2277 1.2459 1.2644 1.2831 1.3020 1.3130 
485.6 0.2102 0.0003 1.1917 1.2096 1.2277 1.2459 1.2644 1.2830 1.3019 1.3130 
486.1 0.2102 0.0003 1.1917 1.2096 1.2276 1.2459 1.2643 1.2830 1.3019 1.3130 
486.7 0.2101 0.0003 1.1917 1.2096 1.2276 1.2459 1.2643 1.2830 1.3019 1.3130 
487.3 0.2101 0.0003 1.1917 1.2095 1.2276 1.2458 1.2643 1.2830 1.3018 1.3129 
487.8 0.2101 0.0003 1.1917 1.2095 1.2276 1.2458 1.2643 1.2829 1.3018 1.3129 
488.4 0.2101 0.0003 1.1916 1.2095 1.2276 1.2458 1.2643 1.2829 1.3018 1.3129 
488.9 0.2101 0.0003 1.1916 1.2095 1.2275 1.2458 1.2642 1.2829 1.3018 1.3129 
489.5 0.2101 0.0003 1.1916 1.2095 1.2275 1.2458 1.2642 1.2829 1.3017 1.3128 
490.1 0.2100 0.0003 1.1916 1.2095 1.2275 1.2457 1.2642 1.2828 1.3017 1.3128 
490.6 0.2100 0.0003 1.1916 1.2094 1.2275 1.2457 1.2642 1.2828 1.3017 1.3128 
491.2 0.2100 0.0003 1.1916 1.2094 1.2275 1.2457 1.2641 1.2828 1.3017 1.3127 
491.8 0.2100 0.0003 1.1915 1.2094 1.2274 1.2457 1.2641 1.2828 1.3016 1.3127 
492.3 0.2100 0.0003 1.1915 1.2094 1.2274 1.2457 1.2641 1.2827 1.3016 1.3127 
492.9 0.2100 0.0003 1.1915 1.2094 1.2274 1.2456 1.2641 1.2827 1.3016 1.3127 
493.4 0.2099 0.0003 1.1915 1.2093 1.2274 1.2456 1.2640 1.2827 1.3016 1.3126 
494.0 0.2099 0.0003 1.1915 1.2093 1.2274 1.2456 1.2640 1.2827 1.3015 1.3126 
494.6 0.2099 0.0003 1.1915 1.2093 1.2273 1.2456 1.2640 1.2826 1.3015 1.3126 
495.1 0.2099 0.0003 1.1914 1.2093 1.2273 1.2456 1.2640 1.2826 1.3015 1.3126 
495.7 0.2099 0.0003 1.1914 1.2093 1.2273 1.2455 1.2640 1.2826 1.3015 1.3125 
496.2 0.2099 0.0003 1.1914 1.2093 1.2273 1.2455 1.2639 1.2826 1.3014 1.3125 
496.8 0.2099 0.0003 1.1914 1.2092 1.2273 1.2455 1.2639 1.2826 1.3014 1.3125 
497.4 0.2098 0.0003 1.1914 1.2092 1.2273 1.2455 1.2639 1.2825 1.3014 1.3125 
497.9 0.2098 0.0003 1.1914 1.2092 1.2272 1.2455 1.2639 1.2825 1.3014 1.3124 
498.5 0.2098 0.0003 1.1914 1.2092 1.2272 1.2454 1.2639 1.2825 1.3013 1.3124 
499.1 0.2098 0.0003 1.1913 1.2092 1.2272 1.2454 1.2638 1.2825 1.3013 1.3124 
499.6 0.2098 0.0003 1.1913 1.2092 1.2272 1.2454 1.2638 1.2824 1.3013 1.3123 
500.2 0.2098 0.0003 1.1913 1.2091 1.2272 1.2454 1.2638 1.2824 1.3013 1.3123 
500.7 0.2097 0.0003 1.1913 1.2091 1.2271 1.2454 1.2638 1.2824 1.3012 1.3123 
501.3 0.2097 0.0003 1.1913 1.2091 1.2271 1.2453 1.2637 1.2824 1.3012 1.3123 
501.9 0.2097 0.0003 1.1913 1.2091 1.2271 1.2453 1.2637 1.2823 1.3012 1.3122 
502.4 0.2097 0.0003 1.1913 1.2091 1.2271 1.2453 1.2637 1.2823 1.3012 1.3122 
503.0 0.2097 0.0003 1.1912 1.2091 1.2271 1.2453 1.2637 1.2823 1.3011 1.3122 
503.6 0.2097 0.0003 1.1912 1.2090 1.2271 1.2453 1.2637 1.2823 1.3011 1.3122 
504.1 0.2096 0.0003 1.1912 1.2090 1.2270 1.2452 1.2636 1.2823 1.3011 1.3121 
504.7 0.2096 0.0003 1.1912 1.2090 1.2270 1.2452 1.2636 1.2822 1.3011 1.3121 
505.2 0.2096 0.0003 1.1912 1.2090 1.2270 1.2452 1.2636 1.2822 1.3010 1.3121 
505.8 0.2096 0.0002 1.1912 1.2090 1.2270 1.2452 1.2636 1.2822 1.3010 1.3121 
506.4 0.2096 0.0002 1.1911 1.2090 1.2270 1.2452 1.2636 1.2822 1.3010 1.3120 
506.9 0.2096 0.0002 1.1911 1.2090 1.2270 1.2451 1.2635 1.2821 1.3010 1.3120 
507.5 0.2096 0.0002 1.1911 1.2089 1.2269 1.2451 1.2635 1.2821 1.3009 1.3120 
508.0 0.2095 0.0002 1.1911 1.2089 1.2269 1.2451 1.2635 1.2821 1.3009 1.3120 
508.6 0.2095 0.0002 1.1911 1.2089 1.2269 1.2451 1.2635 1.2821 1.3009 1.3119 
509.2 0.2095 0.0002 1.1911 1.2089 1.2269 1.2451 1.2635 1.2821 1.3009 1.3119 
509.7 0.2095 0.0002 1.1911 1.2089 1.2269 1.2451 1.2634 1.2820 1.3008 1.3119 
510.3 0.2095 0.0002 1.1910 1.2089 1.2269 1.2450 1.2634 1.2820 1.3008 1.3119 
510.9 0.2095 0.0002 1.1910 1.2088 1.2268 1.2450 1.2634 1.2820 1.3008 1.3119 
511.4 0.2095 0.0002 1.1910 1.2088 1.2268 1.2450 1.2634 1.2820 1.3008 1.3118 
512.0 0.2094 0.0002 1.1910 1.2088 1.2268 1.2450 1.2634 1.2819 1.3008 1.3118 
512.5 0.2094 0.0002 1.1910 1.2088 1.2268 1.2450 1.2633 1.2819 1.3007 1.3118 
513.1 0.2094 0.0002 1.1910 1.2088 1.2268 1.2449 1.2633 1.2819 1.3007 1.3118 
513.7 0.2094 0.0002 1.1910 1.2088 1.2268 1.2449 1.2633 1.2819 1.3007 1.3117 
514.2 0.2094 0.0002 1.1910 1.2088 1.2267 1.2449 1.2633 1.2819 1.3007 1.3117 
514.8 0.2094 0.0002 1.1909 1.2087 1.2267 1.2449 1.2633 1.2818 1.3006 1.3117 
515.4 0.2094 0.0002 1.1909 1.2087 1.2267 1.2449 1.2632 1.2818 1.3006 1.3117 
515.9 0.2093 0.0002 1.1909 1.2087 1.2267 1.2449 1.2632 1.2818 1.3006 1.3116 
516.5 0.2093 0.0002 1.1909 1.2087 1.2267 1.2448 1.2632 1.2818 1.3006 1.3116 
517.0 0.2093 0.0002 1.1909 1.2087 1.2267 1.2448 1.2632 1.2818 1.3006 1.3116 
517.6 0.2093 0.0002 1.1909 1.2087 1.2266 1.2448 1.2632 1.2817 1.3005 1.3116 
518.2 0.2093 0.0002 1.1909 1.2086 1.2266 1.2448 1.2631 1.2817 1.3005 1.3116 
518.7 0.2093 0.0002 1.1908 1.2086 1.2266 1.2448 1.2631 1.2817 1.3005 1.3115 
519.3 0.2093 0.0002 1.1908 1.2086 1.2266 1.2447 1.2631 1.2817 1.3005 1.3115 
519.8 0.2092 0.0002 1.1908 1.2086 1.2266 1.2447 1.2631 1.2817 1.3004 1.3115 
520.4 0.2092 0.0002 1.1908 1.2086 1.2266 1.2447 1.2631 1.2816 1.3004 1.3115 
521.0 0.2092 0.0002 1.1908 1.2086 1.2265 1.2447 1.2631 1.2816 1.3004 1.3114 
521.5 0.2092 0.0002 1.1908 1.2086 1.2265 1.2447 1.2630 1.2816 1.3004 1.3114 
522.1 0.2092 0.0002 1.1908 1.2085 1.2265 1.2447 1.2630 1.2816 1.3004 1.3114 
522.7 0.2092 0.0002 1.1908 1.2085 1.2265 1.2446 1.2630 1.2816 1.3003 1.3114 
523.2 0.2092 0.0002 1.1907 1.2085 1.2265 1.2446 1.2630 1.2815 1.3003 1.3113 
523.8 0.2091 0.0002 1.1907 1.2085 1.2265 1.2446 1.2630 1.2815 1.3003 1.3113 
524.3 0.2091 0.0002 1.1907 1.2085 1.2264 1.2446 1.2629 1.2815 1.3003 1.3113 
524.9 0.2091 0.0002 1.1907 1.2085 1.2264 1.2446 1.2629 1.2815 1.3003 1.3113 
525.5 0.2091 0.0002 1.1907 1.2085 1.2264 1.2446 1.2629 1.2815 1.3002 1.3113 
526.0 0.2091 0.0002 1.1907 1.2084 1.2264 1.2445 1.2629 1.2814 1.3002 1.3112 
526.6 0.2091 0.0002 1.1907 1.2084 1.2264 1.2445 1.2629 1.2814 1.3002 1.3112 
527.2 0.2091 0.0002 1.1906 1.2084 1.2264 1.2445 1.2629 1.2814 1.3002 1.3112 
527.7 0.2090 0.0002 1.1906 1.2084 1.2264 1.2445 1.2628 1.2814 1.3002 1.3112 
528.3 0.2090 0.0002 1.1906 1.2084 1.2263 1.2445 1.2628 1.2814 1.3001 1.3112 
528.8 0.2090 0.0002 1.1906 1.2084 1.2263 1.2445 1.2628 1.2813 1.3001 1.3111 
529.4 0.2090 0.0002 1.1906 1.2084 1.2263 1.2444 1.2628 1.2813 1.3001 1.3111 
530.0 0.2090 0.0002 1.1906 1.2083 1.2263 1.2444 1.2628 1.2813 1.3001 1.3111 
530.5 0.2090 0.0002 1.1906 1.2083 1.2263 1.2444 1.2627 1.2813 1.3000 1.3111 
531.1 0.2090 0.0002 1.1906 1.2083 1.2263 1.2444 1.2627 1.2813 1.3000 1.3110 
531.6 0.2090 0.0002 1.1905 1.2083 1.2262 1.2444 1.2627 1.2813 1.3000 1.3110 
532.2 0.2089 0.0002 1.1905 1.2083 1.2262 1.2444 1.2627 1.2812 1.3000 1.3110 
532.8 0.2089 0.0002 1.1905 1.2083 1.2262 1.2443 1.2627 1.2812 1.3000 1.3110 
533.3 0.2089 0.0002 1.1905 1.2083 1.2262 1.2443 1.2627 1.2812 1.2999 1.3110 
533.9 0.2089 0.0002 1.1905 1.2083 1.2262 1.2443 1.2626 1.2812 1.2999 1.3109 
534.5 0.2089 0.0002 1.1905 1.2082 1.2262 1.2443 1.2626 1.2812 1.2999 1.3109 
535.0 0.2089 0.0002 1.1905 1.2082 1.2262 1.2443 1.2626 1.2811 1.2999 1.3109 
535.6 0.2089 0.0002 1.1905 1.2082 1.2261 1.2443 1.2626 1.2811 1.2999 1.3109 
536.1 0.2089 0.0002 1.1905 1.2082 1.2261 1.2443 1.2626 1.2811 1.2998 1.3109 
536.7 0.2088 0.0002 1.1904 1.2082 1.2261 1.2442 1.2626 1.2811 1.2998 1.3108 
537.3 0.2088 0.0002 1.1904 1.2082 1.2261 1.2442 1.2625 1.2811 1.2998 1.3108 
537.8 0.2088 0.0002 1.1904 1.2082 1.2261 1.2442 1.2625 1.2810 1.2998 1.3108 
538.4 0.2088 0.0002 1.1904 1.2081 1.2261 1.2442 1.2625 1.2810 1.2998 1.3108 
539.0 0.2088 0.0002 1.1904 1.2081 1.2261 1.2442 1.2625 1.2810 1.2998 1.3108 
539.5 0.2088 0.0002 1.1904 1.2081 1.2260 1.2442 1.2625 1.2810 1.2997 1.3107 
540.1 0.2088 0.0002 1.1904 1.2081 1.2260 1.2441 1.2625 1.2810 1.2997 1.3107 
540.6 0.2088 0.0002 1.1904 1.2081 1.2260 1.2441 1.2624 1.2810 1.2997 1.3107 
541.2 0.2087 0.0002 1.1903 1.2081 1.2260 1.2441 1.2624 1.2809 1.2997 1.3107 
541.8 0.2087 0.0002 1.1903 1.2081 1.2260 1.2441 1.2624 1.2809 1.2997 1.3107 
542.3 0.2087 0.0002 1.1903 1.2081 1.2260 1.2441 1.2624 1.2809 1.2996 1.3106 
542.9 0.2087 0.0002 1.1903 1.2080 1.2260 1.2441 1.2624 1.2809 1.2996 1.3106 
543.4 0.2087 0.0002 1.1903 1.2080 1.2259 1.2441 1.2624 1.2809 1.2996 1.3106 
544.0 0.2087 0.0002 1.1903 1.2080 1.2259 1.2440 1.2623 1.2809 1.2996 1.3106 
544.6 0.2087 0.0002 1.1903 1.2080 1.2259 1.2440 1.2623 1.2808 1.2996 1.3106 
545.1 0.2087 0.0002 1.1903 1.2080 1.2259 1.2440 1.2623 1.2808 1.2995 1.3105 
545.7 0.2086 0.0002 1.1903 1.2080 1.2259 1.2440 1.2623 1.2808 1.2995 1.3105 
546.3 0.2086 0.0001 1.1902 1.2080 1.2259 1.2440 1.2623 1.2808 1.2995 1.3105 
546.8 0.2086 0.0001 1.1902 1.2080 1.2259 1.2440 1.2623 1.2808 1.2995 1.3105 
547.4 0.2086 0.0001 1.1902 1.2079 1.2259 1.2439 1.2622 1.2807 1.2995 1.3105 
547.9 0.2086 0.0001 1.1902 1.2079 1.2258 1.2439 1.2622 1.2807 1.2994 1.3104 
548.5 0.2086 0.0001 1.1902 1.2079 1.2258 1.2439 1.2622 1.2807 1.2994 1.3104 
549.1 0.2086 0.0001 1.1902 1.2079 1.2258 1.2439 1.2622 1.2807 1.2994 1.3104 
549.6 0.2086 0.0001 1.1902 1.2079 1.2258 1.2439 1.2622 1.2807 1.2994 1.3104 
550.2 0.2086 0.0001 1.1902 1.2079 1.2258 1.2439 1.2622 1.2807 1.2994 1.3104 
550.8 0.2085 0.0001 1.1902 1.2079 1.2258 1.2439 1.2622 1.2806 1.2994 1.3103 
551.3 0.2085 0.0001 1.1901 1.2079 1.2258 1.2438 1.2621 1.2806 1.2993 1.3103 
551.9 0.2085 0.0001 1.1901 1.2078 1.2257 1.2438 1.2621 1.2806 1.2993 1.3103 
552.4 0.2085 0.0001 1.1901 1.2078 1.2257 1.2438 1.2621 1.2806 1.2993 1.3103 
553.0 0.2085 0.0001 1.1901 1.2078 1.2257 1.2438 1.2621 1.2806 1.2993 1.3103 
553.6 0.2085 0.0001 1.1901 1.2078 1.2257 1.2438 1.2621 1.2806 1.2993 1.3103 
554.1 0.2085 0.0001 1.1901 1.2078 1.2257 1.2438 1.2621 1.2805 1.2993 1.3102 
554.7 0.2085 0.0001 1.1901 1.2078 1.2257 1.2438 1.2620 1.2805 1.2992 1.3102 
555.2 0.2084 0.0001 1.1901 1.2078 1.2257 1.2437 1.2620 1.2805 1.2992 1.3102 
555.8 0.2084 0.0001 1.1901 1.2078 1.2257 1.2437 1.2620 1.2805 1.2992 1.3102 
556.4 0.2084 0.0001 1.1900 1.2078 1.2256 1.2437 1.2620 1.2805 1.2992 1.3102 
556.9 0.2084 0.0001 1.1900 1.2077 1.2256 1.2437 1.2620 1.2805 1.2992 1.3101 
557.5 0.2084 0.0001 1.1900 1.2077 1.2256 1.2437 1.2620 1.2804 1.2991 1.3101 
558.1 0.2084 0.0001 1.1900 1.2077 1.2256 1.2437 1.2620 1.2804 1.2991 1.3101 
558.6 0.2084 0.0001 1.1900 1.2077 1.2256 1.2437 1.2619 1.2804 1.2991 1.3101 
559.2 0.2084 0.0001 1.1900 1.2077 1.2256 1.2437 1.2619 1.2804 1.2991 1.3101 
559.7 0.2084 0.0001 1.1900 1.2077 1.2256 1.2436 1.2619 1.2804 1.2991 1.3101 
560.3 0.2083 0.0001 1.1900 1.2077 1.2256 1.2436 1.2619 1.2804 1.2991 1.3100 
560.9 0.2083 0.0001 1.1900 1.2077 1.2255 1.2436 1.2619 1.2804 1.2990 1.3100 
561.4 0.2083 0.0001 1.1899 1.2076 1.2255 1.2436 1.2619 1.2803 1.2990 1.3100 
562.0 0.2083 0.0001 1.1899 1.2076 1.2255 1.2436 1.2618 1.2803 1.2990 1.3100 
562.6 0.2083 0.0001 1.1899 1.2076 1.2255 1.2436 1.2618 1.2803 1.2990 1.3100 
563.1 0.2083 0.0001 1.1899 1.2076 1.2255 1.2436 1.2618 1.2803 1.2990 1.3099 
563.7 0.2083 0.0001 1.1899 1.2076 1.2255 1.2435 1.2618 1.2803 1.2990 1.3099 
564.2 0.2083 0.0001 1.1899 1.2076 1.2255 1.2435 1.2618 1.2803 1.2989 1.3099 
564.8 0.2083 0.0001 1.1899 1.2076 1.2255 1.2435 1.2618 1.2802 1.2989 1.3099 
565.4 0.2083 0.0001 1.1899 1.2076 1.2254 1.2435 1.2618 1.2802 1.2989 1.3099 
565.9 0.2082 0.0001 1.1899 1.2076 1.2254 1.2435 1.2617 1.2802 1.2989 1.3099 
566.5 0.2082 0.0001 1.1899 1.2075 1.2254 1.2435 1.2617 1.2802 1.2989 1.3098 
567.0 0.2082 0.0001 1.1898 1.2075 1.2254 1.2435 1.2617 1.2802 1.2989 1.3098 
567.6 0.2082 0.0001 1.1898 1.2075 1.2254 1.2435 1.2617 1.2802 1.2988 1.3098 
568.2 0.2082 0.0001 1.1898 1.2075 1.2254 1.2434 1.2617 1.2802 1.2988 1.3098 
568.7 0.2082 0.0001 1.1898 1.2075 1.2254 1.2434 1.2617 1.2801 1.2988 1.3098 
569.3 0.2082 0.0001 1.1898 1.2075 1.2254 1.2434 1.2617 1.2801 1.2988 1.3098 
569.9 0.2082 0.0001 1.1898 1.2075 1.2253 1.2434 1.2616 1.2801 1.2988 1.3097 
570.4 0.2082 0.0001 1.1898 1.2075 1.2253 1.2434 1.2616 1.2801 1.2988 1.3097 
571.0 0.2081 0.0001 1.1898 1.2075 1.2253 1.2434 1.2616 1.2801 1.2987 1.3097 
571.5 0.2081 0.0001 1.1898 1.2074 1.2253 1.2434 1.2616 1.2801 1.2987 1.3097 
572.1 0.2081 0.0001 1.1898 1.2074 1.2253 1.2433 1.2616 1.2800 1.2987 1.3097 
572.7 0.2081 0.0001 1.1897 1.2074 1.2253 1.2433 1.2616 1.2800 1.2987 1.3097 
573.2 0.2081 0.0001 1.1897 1.2074 1.2253 1.2433 1.2616 1.2800 1.2987 1.3096 
573.8 0.2081 0.0001 1.1897 1.2074 1.2253 1.2433 1.2616 1.2800 1.2987 1.3096 
574.4 0.2081 0.0001 1.1897 1.2074 1.2253 1.2433 1.2615 1.2800 1.2986 1.3096 
574.9 0.2081 0.0001 1.1897 1.2074 1.2252 1.2433 1.2615 1.2800 1.2986 1.3096 
575.5 0.2081 0.0001 1.1897 1.2074 1.2252 1.2433 1.2615 1.2800 1.2986 1.3096 
576.0 0.2081 0.0001 1.1897 1.2074 1.2252 1.2433 1.2615 1.2799 1.2986 1.3096 
576.6 0.2080 0.0001 1.1897 1.2074 1.2252 1.2432 1.2615 1.2799 1.2986 1.3095 
577.2 0.2080 0.0001 1.1897 1.2073 1.2252 1.2432 1.2615 1.2799 1.2986 1.3095 
577.7 0.2080 0.0001 1.1897 1.2073 1.2252 1.2432 1.2615 1.2799 1.2986 1.3095 
578.3 0.2080 0.0001 1.1896 1.2073 1.2252 1.2432 1.2614 1.2799 1.2985 1.3095 
578.8 0.2080 0.0001 1.1896 1.2073 1.2252 1.2432 1.2614 1.2799 1.2985 1.3095 
579.4 0.2080 0.0001 1.1896 1.2073 1.2251 1.2432 1.2614 1.2799 1.2985 1.3095 
580.0 0.2080 0.0001 1.1896 1.2073 1.2251 1.2432 1.2614 1.2798 1.2985 1.3094 
580.5 0.2080 0.0001 1.1896 1.2073 1.2251 1.2432 1.2614 1.2798 1.2985 1.3094 
581.1 0.2080 0.0001 1.1896 1.2073 1.2251 1.2431 1.2614 1.2798 1.2985 1.3094 
581.7 0.2080 0.0001 1.1896 1.2073 1.2251 1.2431 1.2614 1.2798 1.2984 1.3094 
582.2 0.2079 0.0001 1.1896 1.2072 1.2251 1.2431 1.2614 1.2798 1.2984 1.3094 
582.8 0.2079 0.0001 1.1896 1.2072 1.2251 1.2431 1.2613 1.2798 1.2984 1.3094 
583.3 0.2079 0.0001 1.1896 1.2072 1.2251 1.2431 1.2613 1.2798 1.2984 1.3094 
583.9 0.2079 0.0001 1.1896 1.2072 1.2251 1.2431 1.2613 1.2797 1.2984 1.3093 
584.5 0.2079 0.0001 1.1895 1.2072 1.2250 1.2431 1.2613 1.2797 1.2984 1.3093 
585.0 0.2079 0.0001 1.1895 1.2072 1.2250 1.2431 1.2613 1.2797 1.2984 1.3093 
585.6 0.2079 0.0001 1.1895 1.2072 1.2250 1.2431 1.2613 1.2797 1.2983 1.3093 
586.1 0.2079 0.0001 1.1895 1.2072 1.2250 1.2430 1.2613 1.2797 1.2983 1.3093 
586.7 0.2079 0.0001 1.1895 1.2072 1.2250 1.2430 1.2612 1.2797 1.2983 1.3093 
587.3 0.2079 0.0001 1.1895 1.2072 1.2250 1.2430 1.2612 1.2797 1.2983 1.3092 
587.8 0.2079 0.0001 1.1895 1.2071 1.2250 1.2430 1.2612 1.2796 1.2983 1.3092 
588.4 0.2078 0.0001 1.1895 1.2071 1.2250 1.2430 1.2612 1.2796 1.2983 1.3092 
589.0 0.2078 0.0001 1.1895 1.2071 1.2250 1.2430 1.2612 1.2796 1.2983 1.3092 
589.5 0.2078 0.0001 1.1895 1.2071 1.2249 1.2430 1.2612 1.2796 1.2982 1.3092 
590.1 0.2078 0.0001 1.1895 1.2071 1.2249 1.2430 1.2612 1.2796 1.2982 1.3092 
590.6 0.2078 0.0001 1.1894 1.2071 1.2249 1.2429 1.2612 1.2796 1.2982 1.3092 
591.2 0.2078 0.0001 1.1894 1.2071 1.2249 1.2429 1.2611 1.2796 1.2982 1.3091 
591.8 0.2078 0.0001 1.1894 1.2071 1.2249 1.2429 1.2611 1.2796 1.2982 1.3091 
592.3 0.2078 0.0001 1.1894 1.2071 1.2249 1.2429 1.2611 1.2795 1.2982 1.3091 
592.9 0.2078 0.0001 1.1894 1.2071 1.2249 1.2429 1.2611 1.2795 1.2982 1.3091 
593.5 0.2078 0.0001 1.1894 1.2071 1.2249 1.2429 1.2611 1.2795 1.2981 1.3091 
594.0 0.2078 0.0001 1.1894 1.2070 1.2249 1.2429 1.2611 1.2795 1.2981 1.3091 
594.6 0.2077 0.0001 1.1894 1.2070 1.2249 1.2429 1.2611 1.2795 1.2981 1.3090 
595.1 0.2077 0.0001 1.1894 1.2070 1.2248 1.2429 1.2611 1.2795 1.2981 1.3090 
595.7 0.2077 0.0001 1.1894 1.2070 1.2248 1.2428 1.2610 1.2795 1.2981 1.3090 
596.3 0.2077 0.0001 1.1894 1.2070 1.2248 1.2428 1.2610 1.2794 1.2981 1.3090 
596.8 0.2077 0.0001 1.1894 1.2070 1.2248 1.2428 1.2610 1.2794 1.2981 1.3090 
597.4 0.2077 0.0001 1.1893 1.2070 1.2248 1.2428 1.2610 1.2794 1.2980 1.3090 
597.9 0.2077 0.0001 1.1893 1.2070 1.2248 1.2428 1.2610 1.2794 1.2980 1.3090 
598.5 0.2077 0.0001 1.1893 1.2070 1.2248 1.2428 1.2610 1.2794 1.2980 1.3089 
599.1 0.2077 0.0001 1.1893 1.2070 1.2248 1.2428 1.2610 1.2794 1.2980 1.3089 
599.6 0.2077 0.0000 1.1893 1.2069 1.2248 1.2428 1.2610 1.2794 1.2980 1.3089 
600.2 0.2077 0.0000 1.1893 1.2069 1.2248 1.2428 1.2610 1.2794 1.2980 1.3089 
600.8 0.2076 0.0000 1.1893 1.2069 1.2247 1.2427 1.2609 1.2793 1.2980 1.3089 
601.3 0.2076 0.0000 1.1893 1.2069 1.2247 1.2427 1.2609 1.2793 1.2979 1.3089 
601.9 0.2076 0.0000 1.1893 1.2069 1.2247 1.2427 1.2609 1.2793 1.2979 1.3089 
602.4 0.2076 0.0000 1.1893 1.2069 1.2247 1.2427 1.2609 1.2793 1.2979 1.3088 
603.0 0.2076 0.0000 1.1893 1.2069 1.2247 1.2427 1.2609 1.2793 1.2979 1.3088 
603.6 0.2076 0.0000 1.1893 1.2069 1.2247 1.2427 1.2609 1.2793 1.2979 1.3088 
604.1 0.2076 0.0000 1.1892 1.2069 1.2247 1.2427 1.2609 1.2793 1.2979 1.3088 
604.7 0.2076 0.0000 1.1892 1.2069 1.2247 1.2427 1.2609 1.2793 1.2979 1.3088 
605.3 0.2076 0.0000 1.1892 1.2069 1.2247 1.2427 1.2608 1.2792 1.2978 1.3088 
605.8 0.2076 0.0000 1.1892 1.2068 1.2247 1.2426 1.2608 1.2792 1.2978 1.3088 
606.4 0.2076 0.0000 1.1892 1.2068 1.2246 1.2426 1.2608 1.2792 1.2978 1.3087 
606.9 0.2075 0.0000 1.1892 1.2068 1.2246 1.2426 1.2608 1.2792 1.2978 1.3087 
607.5 0.2075 0.0000 1.1892 1.2068 1.2246 1.2426 1.2608 1.2792 1.2978 1.3087 
608.1 0.2075 0.0000 1.1892 1.2068 1.2246 1.2426 1.2608 1.2792 1.2978 1.3087 
608.6 0.2075 0.0000 1.1892 1.2068 1.2246 1.2426 1.2608 1.2792 1.2978 1.3087 
609.2 0.2075 0.0000 1.1892 1.2068 1.2246 1.2426 1.2608 1.2792 1.2978 1.3087 
609.7 0.2075 0.0000 1.1892 1.2068 1.2246 1.2426 1.2608 1.2791 1.2977 1.3087 
610.3 0.2075 0.0000 1.1892 1.2068 1.2246 1.2426 1.2607 1.2791 1.2977 1.3087 
610.9 0.2075 0.0000 1.1891 1.2068 1.2246 1.2426 1.2607 1.2791 1.2977 1.3086 
611.4 0.2075 0.0000 1.1891 1.2068 1.2246 1.2425 1.2607 1.2791 1.2977 1.3086 
612.0 0.2075 0.0000 1.1891 1.2067 1.2245 1.2425 1.2607 1.2791 1.2977 1.3086 
612.6 0.2075 0.0000 1.1891 1.2067 1.2245 1.2425 1.2607 1.2791 1.2977 1.3086 
613.1 0.2075 0.0000 1.1891 1.2067 1.2245 1.2425 1.2607 1.2791 1.2977 1.3086 
613.7 0.2074 0.0000 1.1891 1.2067 1.2245 1.2425 1.2607 1.2791 1.2977 1.3086 
614.2 0.2074 0.0000 1.1891 1.2067 1.2245 1.2425 1.2607 1.2790 1.2976 1.3086 
614.8 0.2074 0.0000 1.1891 1.2067 1.2245 1.2425 1.2607 1.2790 1.2976 1.3085 
615.4 0.2074 0.0000 1.1891 1.2067 1.2245 1.2425 1.2606 1.2790 1.2976 1.3085 
615.9 0.2074 0.0000 1.1891 1.2067 1.2245 1.2425 1.2606 1.2790 1.2976 1.3085 
616.5 0.2074 0.0000 1.1891 1.2067 1.2245 1.2424 1.2606 1.2790 1.2976 1.3085 
617.1 0.2074 0.0000 1.1891 1.2067 1.2245 1.2424 1.2606 1.2790 1.2976 1.3085 
617.6 0.2074 0.0000 1.1891 1.2067 1.2245 1.2424 1.2606 1.2790 1.2976 1.3085 
618.2 0.2074 0.0000 1.1890 1.2067 1.2244 1.2424 1.2606 1.2790 1.2976 1.3085 
618.7 0.2074 0.0000 1.1890 1.2066 1.2244 1.2424 1.2606 1.2790 1.2975 1.3085 
619.3 0.2074 0.0000 1.1890 1.2066 1.2244 1.2424 1.2606 1.2789 1.2975 1.3084 
619.9 0.2074 0.0000 1.1890 1.2066 1.2244 1.2424 1.2606 1.2789 1.2975 1.3084 
620.4 0.2074 0.0000 1.1890 1.2066 1.2244 1.2424 1.2605 1.2789 1.2975 1.3084 
621.0 0.2073 0.0000 1.1890 1.2066 1.2244 1.2424 1.2605 1.2789 1.2975 1.3084 
621.5 0.2073 0.0000 1.1890 1.2066 1.2244 1.2424 1.2605 1.2789 1.2975 1.3084 
622.1 0.2073 0.0000 1.1890 1.2066 1.2244 1.2423 1.2605 1.2789 1.2975 1.3084 
622.7 0.2073 0.0000 1.1890 1.2066 1.2244 1.2423 1.2605 1.2789 1.2975 1.3084 
623.2 0.2073 0.0000 1.1890 1.2066 1.2244 1.2423 1.2605 1.2789 1.2974 1.3084 
623.8 0.2073 0.0000 1.1890 1.2066 1.2244 1.2423 1.2605 1.2788 1.2974 1.3083 
624.4 0.2073 0.0000 1.1890 1.2066 1.2243 1.2423 1.2605 1.2788 1.2974 1.3083 
624.9 0.2073 0.0000 1.1890 1.2066 1.2243 1.2423 1.2605 1.2788 1.2974 1.3083 
625.5 0.2073 0.0000 1.1889 1.2065 1.2243 1.2423 1.2605 1.2788 1.2974 1.3083 
626.0 0.2073 0.0000 1.1889 1.2065 1.2243 1.2423 1.2604 1.2788 1.2974 1.3083 
626.6 0.2073 0.0000 1.1889 1.2065 1.2243 1.2423 1.2604 1.2788 1.2974 1.3083 
627.2 0.2073 0.0000 1.1889 1.2065 1.2243 1.2423 1.2604 1.2788 1.2974 1.3083 
627.7 0.2072 0.0000 1.1889 1.2065 1.2243 1.2423 1.2604 1.2788 1.2973 1.3083 
628.3 0.2072 0.0000 1.1889 1.2065 1.2243 1.2422 1.2604 1.2788 1.2973 1.3082 
628.9 0.2072 0.0000 1.1889 1.2065 1.2243 1.2422 1.2604 1.2787 1.2973 1.3082 
629.4 0.2072 0.0000 1.1889 1.2065 1.2243 1.2422 1.2604 1.2787 1.2973 1.3082 
630.0 0.2072 0.0000 1.1889 1.2065 1.2243 1.2422 1.2604 1.2787 1.2973 1.3082 
630.5 0.2072 0.0000 1.1889 1.2065 1.2242 1.2422 1.2604 1.2787 1.2973 1.3082 
631.1 0.2072 0.0000 1.1889 1.2065 1.2242 1.2422 1.2603 1.2787 1.2973 1.3082 
631.7 0.2072 0.0000 1.1889 1.2065 1.2242 1.2422 1.2603 1.2787 1.2973 1.3082 
632.2 0.2072 0.0000 1.1889 1.2065 1.2242 1.2422 1.2603 1.2787 1.2972 1.3082 
632.8 0.2072 0.0000 1.1889 1.2064 1.2242 1.2422 1.2603 1.2787 1.2972 1.3081 
633.3 0.2072 0.0000 1.1888 1.2064 1.2242 1.2422 1.2603 1.2787 1.2972 1.3081 
633.9 0.2072 0.0000 1.1888 1.2064 1.2242 1.2421 1.2603 1.2786 1.2972 1.3081 
634.5 0.2072 0.0000 1.1888 1.2064 1.2242 1.2421 1.2603 1.2786 1.2972 1.3081 
635.0 0.2072 0.0000 1.1888 1.2064 1.2242 1.2421 1.2603 1.2786 1.2972 1.3081 
635.6 0.2071 0.0000 1.1888 1.2064 1.2242 1.2421 1.2603 1.2786 1.2972 1.3081 
636.2 0.2071 0.0000 1.1888 1.2064 1.2242 1.2421 1.2603 1.2786 1.2972 1.3081 
636.7 0.2071 0.0000 1.1888 1.2064 1.2242 1.2421 1.2602 1.2786 1.2972 1.3081 
637.3 0.2071 0.0000 1.1888 1.2064 1.2241 1.2421 1.2602 1.2786 1.2971 1.3080 
637.8 0.2071 0.0000 1.1888 1.2064 1.2241 1.2421 1.2602 1.2786 1.2971 1.3080 
638.4 0.2071 0.0000 1.1888 1.2064 1.2241 1.2421 1.2602 1.2786 1.2971 1.3080 
639.0 0.2071 0.0000 1.1888 1.2064 1.2241 1.2421 1.2602 1.2786 1.2971 1.3080 
639.5 0.2071 0.0000 1.1888 1.2064 1.2241 1.2421 1.2602 1.2785 1.2971 1.3080 
640.1 0.2071 0.0000 1.1888 1.2063 1.2241 1.2420 1.2602 1.2785 1.2971 1.3080 
640.7 0.2071 0.0000 1.1888 1.2063 1.2241 1.2420 1.2602 1.2785 1.2971 1.3080 
641.2 0.2071 0.0000 1.1887 1.2063 1.2241 1.2420 1.2602 1.2785 1.2971 1.3080 
641.8 0.2071 0.0000 1.1887 1.2063 1.2241 1.2420 1.2602 1.2785 1.2971 1.3079 
642.3 0.2071 0.0000 1.1887 1.2063 1.2241 1.2420 1.2601 1.2785 1.2970 1.3079 
642.9 0.2070 0.0000 1.1887 1.2063 1.2241 1.2420 1.2601 1.2785 1.2970 1.3079 
643.5 0.2070 0.0000 1.1887 1.2063 1.2241 1.2420 1.2601 1.2785 1.2970 1.3079 
644.0 0.2070 0.0000 1.1887 1.2063 1.2240 1.2420 1.2601 1.2785 1.2970 1.3079 
644.6 0.2070 0.0000 1.1887 1.2063 1.2240 1.2420 1.2601 1.2784 1.2970 1.3079 
645.1 0.2070 0.0000 1.1887 1.2063 1.2240 1.2420 1.2601 1.2784 1.2970 1.3079 
645.7 0.2070 0.0000 1.1887 1.2063 1.2240 1.2420 1.2601 1.2784 1.2970 1.3079 
646.3 0.2070 0.0000 1.1887 1.2063 1.2240 1.2420 1.2601 1.2784 1.2970 1.3079 
646.8 0.2070 0.0000 1.1887 1.2063 1.2240 1.2419 1.2601 1.2784 1.2970 1.3078 
647.4 0.2070 0.0000 1.1887 1.2062 1.2240 1.2419 1.2601 1.2784 1.2969 1.3078 
648.0 0.2070 0.0000 1.1887 1.2062 1.2240 1.2419 1.2601 1.2784 1.2969 1.3078 
648.5 0.2070 0.0000 1.1887 1.2062 1.2240 1.2419 1.2600 1.2784 1.2969 1.3078 
649.1 0.2070 0.0000 1.1887 1.2062 1.2240 1.2419 1.2600 1.2784 1.2969 1.3078 
649.6 0.2070 0.0000 1.1886 1.2062 1.2240 1.2419 1.2600 1.2784 1.2969 1.3078 
650.2 0.2070 0.0000 1.1886 1.2062 1.2240 1.2419 1.2600 1.2783 1.2969 1.3078 
650.8 0.2070 0.0000 1.1886 1.2062 1.2239 1.2419 1.2600 1.2783 1.2969 1.3078 
651.3 0.2069 0.0000 1.1886 1.2062 1.2239 1.2419 1.2600 1.2783 1.2969 1.3078 
651.9 0.2069 0.0000 1.1886 1.2062 1.2239 1.2419 1.2600 1.2783 1.2969 1.3077 
652.5 0.2069 0.0000 1.1886 1.2062 1.2239 1.2419 1.2600 1.2783 1.2968 1.3077 
653.0 0.2069 0.0000 1.1886 1.2062 1.2239 1.2418 1.2600 1.2783 1.2968 1.3077 
653.6 0.2069 0.0000 1.1886 1.2062 1.2239 1.2418 1.2600 1.2783 1.2968 1.3077 
654.1 0.2069 0.0000 1.1886 1.2062 1.2239 1.2418 1.2600 1.2783 1.2968 1.3077 
654.7 0.2069 0.0000 1.1886 1.2062 1.2239 1.2418 1.2599 1.2783 1.2968 1.3077 
655.3 0.2069 0.0000 1.1886 1.2061 1.2239 1.2418 1.2599 1.2783 1.2968 1.3077 
655.8 0.2069 0.0000 1.1886 1.2061 1.2239 1.2418 1.2599 1.2782 1.2968 1.3077 
656.4 0.2069 0.0000 1.1886 1.2061 1.2239 1.2418 1.2599 1.2782 1.2968 1.3077 
656.9 0.2069 0.0000 1.1886 1.2061 1.2239 1.2418 1.2599 1.2782 1.2968 1.3076 
657.5 0.2069 0.0000 1.1886 1.2061 1.2239 1.2418 1.2599 1.2782 1.2968 1.3076 
658.1 0.2069 0.0000 1.1885 1.2061 1.2238 1.2418 1.2599 1.2782 1.2967 1.3076 
658.6 0.2069 0.0000 1.1885 1.2061 1.2238 1.2418 1.2599 1.2782 1.2967 1.3076 
659.2 0.2069 0.0000 1.1885 1.2061 1.2238 1.2418 1.2599 1.2782 1.2967 1.3076 
659.8 0.2068 0.0000 1.1885 1.2061 1.2238 1.2417 1.2599 1.2782 1.2967 1.3076 
660.3 0.2068 0.0000 1.1885 1.2061 1.2238 1.2417 1.2599 1.2782 1.2967 1.3076 
660.9 0.2068 0.0000 1.1885 1.2061 1.2238 1.2417 1.2598 1.2782 1.2967 1.3076 
661.4 0.2068 0.0000 1.1885 1.2061 1.2238 1.2417 1.2598 1.2782 1.2967 1.3076 
662.0 0.2068 0.0000 1.1885 1.2061 1.2238 1.2417 1.2598 1.2781 1.2967 1.3076 
662.6 0.2068 0.0000 1.1885 1.2061 1.2238 1.2417 1.2598 1.2781 1.2967 1.3075 
663.1 0.2068 0.0000 1.1885 1.2060 1.2238 1.2417 1.2598 1.2781 1.2967 1.3075 
663.7 0.2068 0.0000 1.1885 1.2060 1.2238 1.2417 1.2598 1.2781 1.2966 1.3075 
664.3 0.2068 0.0000 1.1885 1.2060 1.2238 1.2417 1.2598 1.2781 1.2966 1.3075 
664.8 0.2068 0.0000 1.1885 1.2060 1.2238 1.2417 1.2598 1.2781 1.2966 1.3075 
665.4 0.2068 0.0000 1.1885 1.2060 1.2238 1.2417 1.2598 1.2781 1.2966 1.3075 
665.9 0.2068 0.0000 1.1885 1.2060 1.2237 1.2417 1.2598 1.2781 1.2966 1.3075 
666.5 0.2068 0.0000 1.1885 1.2060 1.2237 1.2417 1.2598 1.2781 1.2966 1.3075 
667.1 0.2068 0.0000 1.1885 1.2060 1.2237 1.2416 1.2598 1.2781 1.2966 1.3075 
667.6 0.2068 0.0000 1.1884 1.2060 1.2237 1.2416 1.2597 1.2781 1.2966 1.3074 
668.2 0.2067 0.0000 1.1884 1.2060 1.2237 1.2416 1.2597 1.2780 1.2966 1.3074 
668.7 0.2067 0.0000 1.1884 1.2060 1.2237 1.2416 1.2597 1.2780 1.2966 1.3074 
669.3 0.2067 0.0000 1.1884 1.2060 1.2237 1.2416 1.2597 1.2780 1.2965 1.3074 
669.9 0.2067 0.0000 1.1884 1.2060 1.2237 1.2416 1.2597 1.2780 1.2965 1.3074 
670.4 0.2067 0.0000 1.1884 1.2060 1.2237 1.2416 1.2597 1.2780 1.2965 1.3074 
671.0 0.2067 0.0000 1.1884 1.2060 1.2237 1.2416 1.2597 1.2780 1.2965 1.3074 
671.6 0.2067 0.0000 1.1884 1.2059 1.2237 1.2416 1.2597 1.2780 1.2965 1.3074 
672.1 0.2067 0.0001 1.1884 1.2059 1.2237 1.2416 1.2597 1.2780 1.2965 1.3074 
672.7 0.2067 0.0001 1.1884 1.2059 1.2237 1.2416 1.2597 1.2780 1.2965 1.3074 
673.2 0.2067 0.0001 1.1884 1.2059 1.2237 1.2416 1.2597 1.2780 1.2965 1.3073 
673.8 0.2067 0.0001 1.1884 1.2059 1.2236 1.2416 1.2597 1.2780 1.2965 1.3073 
674.4 0.2067 0.0001 1.1884 1.2059 1.2236 1.2415 1.2596 1.2779 1.2965 1.3073 
674.9 0.2067 0.0001 1.1884 1.2059 1.2236 1.2415 1.2596 1.2779 1.2964 1.3073 
675.5 0.2067 0.0001 1.1884 1.2059 1.2236 1.2415 1.2596 1.2779 1.2964 1.3073 
676.1 0.2067 0.0001 1.1884 1.2059 1.2236 1.2415 1.2596 1.2779 1.2964 1.3073 
676.6 0.2067 0.0001 1.1884 1.2059 1.2236 1.2415 1.2596 1.2779 1.2964 1.3073 
677.2 0.2066 0.0001 1.1883 1.2059 1.2236 1.2415 1.2596 1.2779 1.2964 1.3073 
677.7 0.2066 0.0001 1.1883 1.2059 1.2236 1.2415 1.2596 1.2779 1.2964 1.3073 
678.3 0.2066 0.0001 1.1883 1.2059 1.2236 1.2415 1.2596 1.2779 1.2964 1.3073 
678.9 0.2066 0.0001 1.1883 1.2059 1.2236 1.2415 1.2596 1.2779 1.2964 1.3072 
679.4 0.2066 0.0001 1.1883 1.2059 1.2236 1.2415 1.2596 1.2779 1.2964 1.3072 
680.0 0.2066 0.0001 1.1883 1.2059 1.2236 1.2415 1.2596 1.2779 1.2964 1.3072 
680.5 0.2066 0.0001 1.1883 1.2058 1.2236 1.2415 1.2596 1.2778 1.2964 1.3072 
681.1 0.2066 0.0001 1.1883 1.2058 1.2236 1.2415 1.2595 1.2778 1.2963 1.3072 
681.7 0.2066 0.0001 1.1883 1.2058 1.2235 1.2414 1.2595 1.2778 1.2963 1.3072 
682.2 0.2066 0.0001 1.1883 1.2058 1.2235 1.2414 1.2595 1.2778 1.2963 1.3072 
682.8 0.2066 0.0001 1.1883 1.2058 1.2235 1.2414 1.2595 1.2778 1.2963 1.3072 
683.4 0.2066 0.0001 1.1883 1.2058 1.2235 1.2414 1.2595 1.2778 1.2963 1.3072 
683.9 0.2066 0.0001 1.1883 1.2058 1.2235 1.2414 1.2595 1.2778 1.2963 1.3072 
684.5 0.2066 0.0001 1.1883 1.2058 1.2235 1.2414 1.2595 1.2778 1.2963 1.3072 
685.0 0.2066 0.0001 1.1883 1.2058 1.2235 1.2414 1.2595 1.2778 1.2963 1.3071 
685.6 0.2066 0.0001 1.1883 1.2058 1.2235 1.2414 1.2595 1.2778 1.2963 1.3071 
686.2 0.2066 0.0001 1.1883 1.2058 1.2235 1.2414 1.2595 1.2778 1.2963 1.3071 
686.7 0.2065 0.0001 1.1882 1.2058 1.2235 1.2414 1.2595 1.2778 1.2963 1.3071 
687.3 0.2065 0.0001 1.1882 1.2058 1.2235 1.2414 1.2595 1.2777 1.2962 1.3071 
687.8 0.2065 0.0001 1.1882 1.2058 1.2235 1.2414 1.2594 1.2777 1.2962 1.3071 
688.4 0.2065 0.0001 1.1882 1.2058 1.2235 1.2414 1.2594 1.2777 1.2962 1.3071 
689.0 0.2065 0.0001 1.1882 1.2058 1.2235 1.2414 1.2594 1.2777 1.2962 1.3071 
689.5 0.2065 0.0001 1.1882 1.2057 1.2235 1.2413 1.2594 1.2777 1.2962 1.3071 
690.1 0.2065 0.0001 1.1882 1.2057 1.2234 1.2413 1.2594 1.2777 1.2962 1.3071 
690.7 0.2065 0.0001 1.1882 1.2057 1.2234 1.2413 1.2594 1.2777 1.2962 1.3070 
691.2 0.2065 0.0001 1.1882 1.2057 1.2234 1.2413 1.2594 1.2777 1.2962 1.3070 
691.8 0.2065 0.0001 1.1882 1.2057 1.2234 1.2413 1.2594 1.2777 1.2962 1.3070 
692.3 0.2065 0.0001 1.1882 1.2057 1.2234 1.2413 1.2594 1.2777 1.2962 1.3070 
692.9 0.2065 0.0001 1.1882 1.2057 1.2234 1.2413 1.2594 1.2777 1.2962 1.3070 
693.5 0.2065 0.0001 1.1882 1.2057 1.2234 1.2413 1.2594 1.2777 1.2961 1.3070 
694.0 0.2065 0.0001 1.1882 1.2057 1.2234 1.2413 1.2594 1.2776 1.2961 1.3070 
694.6 0.2065 0.0001 1.1882 1.2057 1.2234 1.2413 1.2594 1.2776 1.2961 1.3070 
695.2 0.2065 0.0001 1.1882 1.2057 1.2234 1.2413 1.2594 1.2776 1.2961 1.3070 
695.7 0.2065 0.0001 1.1882 1.2057 1.2234 1.2413 1.2593 1.2776 1.2961 1.3070 
696.3 0.2065 0.0001 1.1882 1.2057 1.2234 1.2413 1.2593 1.2776 1.2961 1.3070 
696.8 0.2064 0.0001 1.1882 1.2057 1.2234 1.2413 1.2593 1.2776 1.2961 1.3069 
697.4 0.2064 0.0001 1.1881 1.2057 1.2234 1.2412 1.2593 1.2776 1.2961 1.3069 
698.0 0.2064 0.0001 1.1881 1.2057 1.2234 1.2412 1.2593 1.2776 1.2961 1.3069 
698.5 0.2064 0.0001 1.1881 1.2057 1.2234 1.2412 1.2593 1.2776 1.2961 1.3069 
699.1 0.2064 0.0001 1.1881 1.2057 1.2233 1.2412 1.2593 1.2776 1.2961 1.3069 
699.6 0.2064 0.0001 1.1881 1.2056 1.2233 1.2412 1.2593 1.2776 1.2960 1.3069 
700.2 0.2064 0.0001 1.1881 1.2056 1.2233 1.2412 1.2593 1.2776 1.2960 1.3069 
700.8 0.2064 0.0001 1.1881 1.2056 1.2233 1.2412 1.2593 1.2775 1.2960 1.3069 
701.3 0.2064 0.0001 1.1881 1.2056 1.2233 1.2412 1.2593 1.2775 1.2960 1.3069 
701.9 0.2064 0.0001 1.1881 1.2056 1.2233 1.2412 1.2593 1.2775 1.2960 1.3069 
702.5 0.2064 0.0001 1.1881 1.2056 1.2233 1.2412 1.2593 1.2775 1.2960 1.3069 
703.0 0.2064 0.0001 1.1881 1.2056 1.2233 1.2412 1.2592 1.2775 1.2960 1.3069 
703.6 0.2064 0.0001 1.1881 1.2056 1.2233 1.2412 1.2592 1.2775 1.2960 1.3068 
704.1 0.2064 0.0001 1.1881 1.2056 1.2233 1.2412 1.2592 1.2775 1.2960 1.3068 
704.7 0.2064 0.0001 1.1881 1.2056 1.2233 1.2412 1.2592 1.2775 1.2960 1.3068 
705.3 0.2064 0.0001 1.1881 1.2056 1.2233 1.2412 1.2592 1.2775 1.2960 1.3068 
705.8 0.2064 0.0001 1.1881 1.2056 1.2233 1.2411 1.2592 1.2775 1.2960 1.3068 
706.4 0.2064 0.0001 1.1881 1.2056 1.2233 1.2411 1.2592 1.2775 1.2959 1.3068 
707.0 0.2063 0.0001 1.1881 1.2056 1.2233 1.2411 1.2592 1.2775 1.2959 1.3068 
707.5 0.2063 0.0001 1.1881 1.2056 1.2233 1.2411 1.2592 1.2775 1.2959 1.3068 
708.1 0.2063 0.0001 1.1880 1.2056 1.2232 1.2411 1.2592 1.2774 1.2959 1.3068 
708.6 0.2063 0.0001 1.1880 1.2056 1.2232 1.2411 1.2592 1.2774 1.2959 1.3068 
709.2 0.2063 0.0001 1.1880 1.2055 1.2232 1.2411 1.2592 1.2774 1.2959 1.3068 
709.8 0.2063 0.0001 1.1880 1.2055 1.2232 1.2411 1.2592 1.2774 1.2959 1.3067 
710.3 0.2063 0.0001 1.1880 1.2055 1.2232 1.2411 1.2592 1.2774 1.2959 1.3067 
710.9 0.2063 0.0001 1.1880 1.2055 1.2232 1.2411 1.2591 1.2774 1.2959 1.3067 
711.4 0.2063 0.0001 1.1880 1.2055 1.2232 1.2411 1.2591 1.2774 1.2959 1.3067 
712.0 0.2063 0.0001 1.1880 1.2055 1.2232 1.2411 1.2591 1.2774 1.2959 1.3067 
712.6 0.2063 0.0001 1.1880 1.2055 1.2232 1.2411 1.2591 1.2774 1.2959 1.3067 
713.1 0.2063 0.0001 1.1880 1.2055 1.2232 1.2411 1.2591 1.2774 1.2959 1.3067 
713.7 0.2063 0.0001 1.1880 1.2055 1.2232 1.2411 1.2591 1.2774 1.2958 1.3067 
714.3 0.2063 0.0001 1.1880 1.2055 1.2232 1.2410 1.2591 1.2774 1.2958 1.3067 
714.8 0.2063 0.0001 1.1880 1.2055 1.2232 1.2410 1.2591 1.2774 1.2958 1.3067 
715.4 0.2063 0.0001 1.1880 1.2055 1.2232 1.2410 1.2591 1.2774 1.2958 1.3067 
715.9 0.2063 0.0001 1.1880 1.2055 1.2232 1.2410 1.2591 1.2773 1.2958 1.3067 
716.5 0.2063 0.0001 1.1880 1.2055 1.2232 1.2410 1.2591 1.2773 1.2958 1.3066 
717.1 0.2063 0.0001 1.1880 1.2055 1.2232 1.2410 1.2591 1.2773 1.2958 1.3066 
717.6 0.2063 0.0001 1.1880 1.2055 1.2231 1.2410 1.2591 1.2773 1.2958 1.3066 
718.2 0.2062 0.0001 1.1880 1.2055 1.2231 1.2410 1.2591 1.2773 1.2958 1.3066 
718.8 0.2062 0.0001 1.1880 1.2055 1.2231 1.2410 1.2591 1.2773 1.2958 1.3066 
719.3 0.2062 0.0001 1.1879 1.2055 1.2231 1.2410 1.2590 1.2773 1.2958 1.3066 
719.9 0.2062 0.0001 1.1879 1.2054 1.2231 1.2410 1.2590 1.2773 1.2958 1.3066 
720.4 0.2062 0.0001 1.1879 1.2054 1.2231 1.2410 1.2590 1.2773 1.2957 1.3066 
721.0 0.2062 0.0001 1.1879 1.2054 1.2231 1.2410 1.2590 1.2773 1.2957 1.3066 
721.6 0.2062 0.0001 1.1879 1.2054 1.2231 1.2410 1.2590 1.2773 1.2957 1.3066 
722.1 0.2062 0.0001 1.1879 1.2054 1.2231 1.2410 1.2590 1.2773 1.2957 1.3066 
722.7 0.2062 0.0001 1.1879 1.2054 1.2231 1.2410 1.2590 1.2773 1.2957 1.3066 
723.2 0.2062 0.0001 1.1879 1.2054 1.2231 1.2409 1.2590 1.2772 1.2957 1.3066 
723.8 0.2062 0.0001 1.1879 1.2054 1.2231 1.2409 1.2590 1.2772 1.2957 1.3065 
724.4 0.2062 0.0001 1.1879 1.2054 1.2231 1.2409 1.2590 1.2772 1.2957 1.3065 
724.9 0.2062 0.0001 1.1879 1.2054 1.2231 1.2409 1.2590 1.2772 1.2957 1.3065 
725.5 0.2062 0.0001 1.1879 1.2054 1.2231 1.2409 1.2590 1.2772 1.2957 1.3065 
726.1 0.2062 0.0001 1.1879 1.2054 1.2231 1.2409 1.2590 1.2772 1.2957 1.3065 
726.6 0.2062 0.0001 1.1879 1.2054 1.2231 1.2409 1.2590 1.2772 1.2957 1.3065 
727.2 0.2062 0.0001 1.1879 1.2054 1.2231 1.2409 1.2590 1.2772 1.2957 1.3065 
727.7 0.2062 0.0001 1.1879 1.2054 1.2230 1.2409 1.2589 1.2772 1.2956 1.3065 
728.3 0.2062 0.0001 1.1879 1.2054 1.2230 1.2409 1.2589 1.2772 1.2956 1.3065 
728.9 0.2062 0.0001 1.1879 1.2054 1.2230 1.2409 1.2589 1.2772 1.2956 1.3065 
729.4 0.2061 0.0001 1.1879 1.2054 1.2230 1.2409 1.2589 1.2772 1.2956 1.3065 
730.0 0.2061 0.0001 1.1879 1.2054 1.2230 1.2409 1.2589 1.2772 1.2956 1.3065 
730.6 0.2061 0.0001 1.1879 1.2053 1.2230 1.2409 1.2589 1.2772 1.2956 1.3064 
731.1 0.2061 0.0001 1.1879 1.2053 1.2230 1.2409 1.2589 1.2771 1.2956 1.3064 
731.7 0.2061 0.0001 1.1878 1.2053 1.2230 1.2409 1.2589 1.2771 1.2956 1.3064 
732.2 0.2061 0.0001 1.1878 1.2053 1.2230 1.2409 1.2589 1.2771 1.2956 1.3064 
732.8 0.2061 0.0001 1.1878 1.2053 1.2230 1.2408 1.2589 1.2771 1.2956 1.3064 
733.4 0.2061 0.0001 1.1878 1.2053 1.2230 1.2408 1.2589 1.2771 1.2956 1.3064 
733.9 0.2061 0.0001 1.1878 1.2053 1.2230 1.2408 1.2589 1.2771 1.2956 1.3064 
734.5 0.2061 0.0001 1.1878 1.2053 1.2230 1.2408 1.2589 1.2771 1.2956 1.3064 
735.0 0.2061 0.0001 1.1878 1.2053 1.2230 1.2408 1.2589 1.2771 1.2956 1.3064 
735.6 0.2061 0.0001 1.1878 1.2053 1.2230 1.2408 1.2589 1.2771 1.2955 1.3064 
736.2 0.2061 0.0001 1.1878 1.2053 1.2230 1.2408 1.2588 1.2771 1.2955 1.3064 
736.7 0.2061 0.0001 1.1878 1.2053 1.2230 1.2408 1.2588 1.2771 1.2955 1.3064 
737.3 0.2061 0.0001 1.1878 1.2053 1.2230 1.2408 1.2588 1.2771 1.2955 1.3064 
737.9 0.2061 0.0001 1.1878 1.2053 1.2229 1.2408 1.2588 1.2771 1.2955 1.3063 
738.4 0.2061 0.0001 1.1878 1.2053 1.2229 1.2408 1.2588 1.2771 1.2955 1.3063 
739.0 0.2061 0.0001 1.1878 1.2053 1.2229 1.2408 1.2588 1.2771 1.2955 1.3063 
739.5 0.2061 0.0001 1.1878 1.2053 1.2229 1.2408 1.2588 1.2770 1.2955 1.3063 
740.1 0.2061 0.0001 1.1878 1.2053 1.2229 1.2408 1.2588 1.2770 1.2955 1.3063 
740.7 0.2061 0.0001 1.1878 1.2053 1.2229 1.2408 1.2588 1.2770 1.2955 1.3063 
741.2 0.2060 0.0001 1.1878 1.2053 1.2229 1.2408 1.2588 1.2770 1.2955 1.3063 
741.8 0.2060 0.0001 1.1878 1.2053 1.2229 1.2408 1.2588 1.2770 1.2955 1.3063 
742.4 0.2060 0.0001 1.1878 1.2052 1.2229 1.2407 1.2588 1.2770 1.2955 1.3063 
742.9 0.2060 0.0001 1.1878 1.2052 1.2229 1.2407 1.2588 1.2770 1.2955 1.3063 
743.5 0.2060 0.0001 1.1878 1.2052 1.2229 1.2407 1.2588 1.2770 1.2954 1.3063 
744.0 0.2060 0.0001 1.1878 1.2052 1.2229 1.2407 1.2588 1.2770 1.2954 1.3063 
744.6 0.2060 0.0001 1.1877 1.2052 1.2229 1.2407 1.2588 1.2770 1.2954 1.3063 
745.2 0.2060 0.0001 1.1877 1.2052 1.2229 1.2407 1.2587 1.2770 1.2954 1.3063 
745.7 0.2060 0.0001 1.1877 1.2052 1.2229 1.2407 1.2587 1.2770 1.2954 1.3062 
746.3 0.2060 0.0001 1.1877 1.2052 1.2229 1.2407 1.2587 1.2770 1.2954 1.3062 
746.8 0.2060 0.0001 1.1877 1.2052 1.2229 1.2407 1.2587 1.2770 1.2954 1.3062 
747.4 0.2060 0.0001 1.1877 1.2052 1.2229 1.2407 1.2587 1.2770 1.2954 1.3062 
748.0 0.2060 0.0001 1.1877 1.2052 1.2229 1.2407 1.2587 1.2769 1.2954 1.3062 
748.5 0.2060 0.0001 1.1877 1.2052 1.2228 1.2407 1.2587 1.2769 1.2954 1.3062 
749.1 0.2060 0.0001 1.1877 1.2052 1.2228 1.2407 1.2587 1.2769 1.2954 1.3062 
749.7 0.2060 0.0001 1.1877 1.2052 1.2228 1.2407 1.2587 1.2769 1.2954 1.3062 
750.2 0.2060 0.0001 1.1877 1.2052 1.2228 1.2407 1.2587 1.2769 1.2954 1.3062 
750.8 0.2060 0.0001 1.1877 1.2052 1.2228 1.2407 1.2587 1.2769 1.2954 1.3062 
751.3 0.2060 0.0001 1.1877 1.2052 1.2228 1.2407 1.2587 1.2769 1.2953 1.3062 
751.9 0.2060 0.0001 1.1877 1.2052 1.2228 1.2407 1.2587 1.2769 1.2953 1.3062 
752.5 0.2060 0.0001 1.1877 1.2052 1.2228 1.2406 1.2587 1.2769 1.2953 1.3062 
753.0 0.2060 0.0001 1.1877 1.2052 1.2228 1.2406 1.2587 1.2769 1.2953 1.3062 
753.6 0.2060 0.0001 1.1877 1.2052 1.2228 1.2406 1.2587 1.2769 1.2953 1.3061 
754.2 0.2059 0.0001 1.1877 1.2051 1.2228 1.2406 1.2587 1.2769 1.2953 1.3061 
754.7 0.2059 0.0001 1.1877 1.2051 1.2228 1.2406 1.2586 1.2769 1.2953 1.3061 
755.3 0.2059 0.0001 1.1877 1.2051 1.2228 1.2406 1.2586 1.2769 1.2953 1.3061 
755.8 0.2059 0.0001 1.1877 1.2051 1.2228 1.2406 1.2586 1.2769 1.2953 1.3061 
756.4 0.2059 0.0001 1.1877 1.2051 1.2228 1.2406 1.2586 1.2769 1.2953 1.3061 
757.0 0.2059 0.0001 1.1877 1.2051 1.2228 1.2406 1.2586 1.2768 1.2953 1.3061 
